720.0   34.89110239624823
2160.0   64.83224549011499
3600.0   99.30563236729476
5040.0   68.14417625047263
6480.0   23.69790735908575
7920.0   109.53388631455684
9360.0   106.64818347103609
10800.0   89.21600889797678
12240.0   114.16706281426777
13680.0   104.11513710649598
15120.0   111.4430955283485
16560.0   88.5319769344368
18000.0   86.65499322648304
19440.0   116.08843259630011
20880.0   119.96461372302677
22320.0   118.29071150469288
23760.0   121.10770713765359
25200.0   89.8848401512159
26640.0   86.54798022596479
28080.0   111.61759968260269
29520.0   105.64311250594135
30960.0   86.89942064812134
32400.0   122.55481475829824
33840.0   90.16939744804854
35280.0   107.1461587404932
36720.0   114.03147247838385
38160.0   79.00903594513596
39600.0   122.78039329916342
41040.0   56.95219727013422
42480.0   106.72905124983686
43920.0   111.00409901485882
45360.0   135.07047159163807
46800.0   119.0775002698669
48240.0   134.4606190943664
49680.0   125.27817401580548
51120.0   144.17752114710655
52560.0   121.89936013012387
54000.0   129.07956764785175
55440.0   137.46306339299798
56880.0   75.07266000561778
58320.0   120.35010373625732
59760.0   137.83335269592757
61200.0   100.71200208433301
62640.0   80.59112587325248
64080.0   95.96208412951128
65520.0   122.38882300181254
66960.0   132.5812032727645
68400.0   134.15356474628845
69840.0   104.65810647844376
71280.0   163.5857880592814
72720.0   172.8953110759578
74160.0   172.50130866495874
75600.0   56.694393223431135
77040.0   62.661584059148055
78480.0   142.55955754267998
79920.0   156.5952854061087
81360.0   137.50744946707655
82800.0   76.40606631321175
84240.0   126.7885165913018
85680.0   180.6695623522444
87120.0   183.9571719761206
88560.0   189.12115727953855
90000.0   126.50274323764508
91440.0   135.82442682256215
92880.0   146.12503615085646
94320.0   94.07841210902511
95760.0   127.07489797337054
97200.0   127.60509874866555
98640.0   129.51917218975345
100080.0   118.01892280451298
101520.0   195.23184282049587
102960.0   70.54649650642513
104400.0   208.85958361944873
105840.0   205.01745208379606
107280.0   143.86256242967215
108720.0   162.03957180747503
110160.0   199.8291456438967
111600.0   219.70985063222318
113040.0   177.00254299925794
114480.0   237.37854825756435
115920.0   189.81552572608317
117360.0   152.32449383997096
118800.0   144.3836427787866
120240.0   45.055513360246586
121680.0   86.29078420767375
123120.0   193.68076234139318
124560.0   209.5077419066787
126000.0   118.1776182200543
127440.0   242.41423956604282
128880.0   199.37373236328207
130320.0   248.3783902596995
131760.0   224.9151818676596
133200.0   252.32753479587043
134640.0   220.86875278556298
136080.0   181.5080335324414
137520.0   222.68189351025296
138960.0   226.80615022909012
140400.0   150.1757214318373
141840.0   192.49936313680809
143280.0   265.18915979565855
144720.0   271.57102600838374
146160.0   269.2355888777551
147600.0   272.25140980145153
149040.0   260.8180435415349
150480.0   228.71475141446976
151920.0   270.41212385504394
153360.0   272.82721270764915
154800.0   254.36199786254141
156240.0   223.27776135404784
157680.0   158.24365043113707
159120.0   209.06813736477702
160560.0   266.5493193533821
162000.0   268.05175755952195
163440.0   233.2105134930606
164880.0   243.98660103956672
166320.0   240.66007759732025
167760.0   278.4496514337419
169200.0   274.25607947593267
170640.0   257.7687810551767
172080.0   265.3150216769499
173520.0   283.2646284286514
174960.0   269.2659902983569
176400.0   280.83798703621756
177840.0   284.5998588214815
179280.0   282.5118892545515
180720.0   285.890703140233
182160.0   280.04876615739533
183600.0   271.2584994045974
185040.0   266.9262969688441
186480.0   285.427993518674
187920.0   230.1746276317671
189360.0   198.72618210446427
190800.0   289.04515454187356
192240.0   299.0478299482704
193680.0   301.15039219708933
195120.0   289.2312112359563
196560.0   302.3944183281141
198000.0   302.12992596887864
199440.0   297.9612831759628
200880.0   276.1835295420854
202320.0   288.05954048596385
203760.0   223.3884225250383
205200.0   305.50326759885183
206640.0   307.79614274063795
208080.0   306.7661426106497
209520.0   289.5224568453214
210960.0   251.82834346958924
212400.0   222.79924299377586
213840.0   212.08699843053353
215280.0   263.6520639700326
216720.0   301.80827893891177
218160.0   287.9288143773762
219600.0   293.929446775755
221040.0   301.69518565427313
222480.0   270.1020293649058
223920.0   285.10695451711916
225360.0   267.8590125529067
226800.0   238.75269246876474
228240.0   259.13380484019643
229680.0   282.17321742904767
231120.0   289.5437378397426
232560.0   275.4648399590594
234000.0   282.06924457058955
235440.0   317.9648099035206
236880.0   312.9868812941854
238320.0   317.9404887670391
239760.0   318.7552468391667
241200.0   312.3764207685018
242640.0   251.62404592314533
244080.0   253.35571084062258
245520.0   295.416684271594
246960.0   268.3490834530073
248400.0   227.67684691512505
249840.0   316.01182264406236
251280.0   318.07121487562677
252720.0   297.7472571749263
254160.0   237.75917404349858
255600.0   264.59146786662757
257040.0   283.01472875130486
258480.0   294.2310288681247
259920.0   288.8438971374897
261360.0   276.98612704597235
262800.0   314.87967374085207
264240.0   298.2963068309944
265680.0   266.61073022299763
267120.0   309.3216860264351
268560.0   314.32575985748775
270000.0   314.81643878600045
271440.0   318.5989835372736
272880.0   317.8401640790533
274320.0   303.80382818721256
275760.0   286.69755684300424
277200.0   314.5312734607557
278640.0   311.7167099414432
280080.0   308.53489726126105
281520.0   296.02410465521757
282960.0   308.10015694665566
284400.0   313.0197148284353
285840.0   318.058446278974
287280.0   313.9214209634841
288720.0   317.2278794681333
290160.0   313.85940206545644
291600.0   305.2229665009034
293040.0   306.81417685520046
294480.0   302.9197548761128
295920.0   271.3673364903518
297360.0   278.520182729538
298800.0   286.1764764938897
300240.0   295.77055680739875
301680.0   297.4772925599825
303120.0   297.0820740921594
304560.0   284.4569721446532
306000.0   290.6053554471567
307440.0   288.45597501061104
308880.0   289.8015418864457
310320.0   282.39940399832483
311760.0   281.9269659221732
313200.0   275.0963747413658
314640.0   252.85955965640161
316080.0   263.8600096869488
317520.0   233.85745572346647
318960.0   261.80122548379643
320400.0   263.4289175428156
321840.0   248.67267601112476
323280.0   263.80224698780546
324720.0   241.35748618592498
326160.0   243.56219720796597
327600.0   255.0533261670259
329040.0   270.173776717526
330480.0   277.23359460967083
331920.0   273.6930451663877
333360.0   273.542254120203
334800.0   224.76195870782664
336240.0   235.87915019348466
337680.0   221.26701139544627
339120.0   252.14269415861168
340560.0   265.8482625943051
342000.0   266.3121882726882
343440.0   267.8748212916196
344880.0   269.8454413750268
346320.0   268.45670448193755
347760.0   261.44127266387136
349200.0   258.98605393607176
350640.0   257.0853571200487
352080.0   254.34558109541643
353520.0   225.04773206148334
354960.0   249.3895415089147
356400.0   248.23489555445914
357840.0   239.8282947296556
359280.0   223.73803886195873
360720.0   204.8356515885975
362160.0   209.92424136892302
363600.0   224.51935537142447
365040.0   234.97561997319983
366480.0   214.21935407154214
367920.0   188.9126035342104
369360.0   231.14382492055182
370800.0   230.79968083933966
372240.0   229.32825208221365
373680.0   231.14625703419995
375120.0   228.79440313644642
376560.0   226.0175373786801
378000.0   213.52741773864574
379440.0   115.761313310625
380880.0   106.32167221377301
382320.0   155.77566310668476
383760.0   193.50078593143067
385200.0   202.49474220226057
386640.0   65.92730466019103
388080.0   172.58339250058359
389520.0   169.4131323602302
390960.0   145.84108688243586
392400.0   165.15632544756932
393840.0   169.6630320375768
395280.0   144.33500050582379
396720.0   143.19312314802102
398160.0   191.4079521372043
399600.0   173.51124385734983
401040.0   178.85155740025806
402480.0   174.2104765311907
403920.0   150.26023738111024
405360.0   146.4527634649436
406800.0   133.49446194764192
408240.0   124.55948443277946
409680.0   171.26093070440623
411120.0   171.58683393325728
412560.0   148.050054103361
414000.0   173.8414032850851
415440.0   127.44457924788816
416880.0   163.67638429267473
418320.0   119.35780136781528
419760.0   120.5452808565207
421200.0   89.16371845454174
422640.0   78.05503936665217
424080.0   87.92090838034106
425520.0   23.067381895804882
426960.0   53.456033900929796
428400.0   145.87392041668576
429840.0   156.09062182411918
431280.0   153.59709730636138
432720.0   109.23656042107146
434160.0   95.36682431412844
435600.0   101.28537287688253
437040.0   67.1549140240908
438480.0   73.04245313783107
439920.0   132.75145122813447
441360.0   135.68579634461804
442800.0   144.22494736324538
444240.0   143.38221998416407
445680.0   140.05144034303333
447120.0   135.0984408985917
448560.0   134.4387300715331
450000.0   134.84975727806912
451440.0   132.27475695309857
452880.0   129.11848146622202
454320.0   126.61644455069573
455760.0   124.93463796300541
457200.0   125.1456238219817
458640.0   101.11694900674868
460080.0   120.52217577686338
461520.0   119.56817919837955
462960.0   115.71753526495846
464400.0   115.65673242375492
465840.0   113.71408164730127
467280.0   112.31865644167969
468720.0   109.06448838046539
470160.0   99.60660643125236
471600.0   80.41844580423438
473040.0   79.30940198068151
474480.0   97.65361917179416
475920.0   65.01891021260991
477360.0   96.61753875768558
478800.0   101.58877905448826
480240.0   111.00957127056714
481680.0   107.63562161218185
483120.0   106.01522589410709
484560.0   96.43026600677862
486000.0   82.7277377131454
487440.0   82.64018162181227
488880.0   105.7531656485198
490320.0   104.42887976710635
491760.0   104.82045006445725
493200.0   76.71008051922952
494640.0   63.314606573674254
496080.0   37.92759628595379
497520.0   53.46758644075845
498960.0   104.62952914307807
500400.0   100.14957580320011
501840.0   62.421412836394026
503280.0   61.87297120873796
504720.0   55.01684283462505
506160.0   72.52258884554067
507600.0   104.24647124349569
509040.0   101.30361372924358
510480.0   102.46312391099538
511920.0   103.90171913387148
513360.0   103.35266947780343
514800.0   103.5253495468215
516240.0   103.26024915917401
517680.0   97.63355423419698
519120.0   98.762054966935
520560.0   92.66961027833875
522000.0   104.53893290968479
523440.0   48.58876646258518
524880.0   51.08046689510688
526320.0   93.59746163510499
527760.0   42.32911396067916
529200.0   53.12222630272227
530640.0   74.45976736628594
532080.0   85.15741924763948
533520.0   95.70488811122023
534960.0   106.1179826957411
536400.0   110.83445908790088
537840.0   107.93173144884317
539280.0   41.21763802347816
540720.0   113.46783014042687
542160.0   113.65206274927363
543600.0   106.24323654862043
545040.0   120.01021585392945
546480.0   117.49966654063465
547920.0   50.98743854806544
549360.0   91.83965149591019
550800.0   75.00881702235407
552240.0   99.01621084316584
553680.0   38.11608509368481
555120.0   110.5334850239433
556560.0   102.473460394
558000.0   102.29956426815784
559440.0   83.8167165991011
560880.0   99.19861936677653
562320.0   99.7938791821593
563760.0   121.52116645783777
565200.0   129.9064862882201
566640.0   129.8584520436693
568080.0   131.68740150707225
569520.0   127.49747771973523
570960.0   134.98960381283732
572400.0   137.73606815000193
573840.0   141.6724440895201
575280.0   102.00041428943632
576720.0   92.28594435034431
578160.0   125.07266041253745
579600.0   143.37735575686781
581040.0   114.25461890560089
582480.0   143.92883752658403
583920.0   87.30011137165276
585360.0   151.555337898746
586800.0   98.22516587910759
588240.0   115.56552816194954
589680.0   129.43769638254068
591120.0   157.03428191959836
592560.0   157.81195025859185
594000.0   98.62768068787513
595440.0   107.76148349347322
596880.0   164.91250605434303
598320.0   163.95303722015092
599760.0   162.96073485170888
601200.0   171.67499805300247
602640.0   167.9678488248217
604080.0   87.46549509972644
605520.0   177.69995158786276
606960.0   170.35922456935748
608400.0   184.72511186052154
609840.0   174.2001400481861
611280.0   149.68990673062086
612720.0   185.78125721222727
614160.0   189.34247962151952
615600.0   188.79647010751162
617040.0   160.1042173719659
618480.0   203.34294183705015
619920.0   195.06098683671388
621360.0   199.93919878647517
622800.0   124.12292003293793
624240.0   133.1114040480595
625680.0   200.04256361652122
627120.0   193.50747424396306
628560.0   85.54108517563391
630000.0   135.93691207878874
631440.0   37.32260801597841
632880.0   160.66968379515893
634320.0   121.84281348780458
635760.0   144.52774551243905
637200.0   142.88302865788287
638640.0   206.8658584563842
640080.0   217.09897663094253
641520.0   229.60429698127774
642960.0   230.39899011580826
644400.0   161.3293946222175
645840.0   197.1507804888801
647280.0   200.02736290622033
648720.0   221.93888279074557
650160.0   201.93961226207207
651600.0   234.40589735112252
653040.0   235.96853037005388
654480.0   244.75332486714356
655920.0   245.56686688244721
657360.0   216.87157400484128
658800.0   240.63150026195459
660240.0   203.07905750622675
661680.0   253.73876874020496
663120.0   255.02049263277587
664560.0   258.5190881156285
666000.0   227.61421998868542
667440.0   259.25966672148786
668880.0   226.98551861064055
670320.0   226.4711265740586
671760.0   235.82381960798944
673200.0   265.98871715748527
674640.0   267.56047060259715
676080.0   268.3849571293174
677520.0   276.6888011524869
678960.0   278.8004838274864
680400.0   270.3762501787339
681840.0   281.84184194448824
683280.0   280.61484060900057
684720.0   275.442342907814
686160.0   273.3738302500692
687600.0   285.98920374298285
689040.0   267.5999924493795
690480.0   265.198280221839
691920.0   256.4791527932492
693360.0   288.90652406392934
694800.0   291.431666059113
696240.0   281.5931583239657
697680.0   232.68882511553414
699120.0   279.5653835698271
700560.0   273.115418174954
702000.0   188.2668773606286
703440.0   225.92998128734692
704880.0   219.1723535159838
706320.0   229.7854894480643
707760.0   248.65686727241186
709200.0   294.5988860574062
710640.0   258.938627719933
712080.0   283.50479965140545
713520.0   293.9148540938662
714960.0   274.9510559508894
716400.0   280.2840731528533
717840.0   301.69822579633336
719280.0   259.7777069285421
720720.0   267.1944374985518
722160.0   303.3131492586998
723600.0   287.6193279156501
725040.0   253.26876277770148
726480.0   231.55728424073598
727920.0   216.98345123265582
729360.0   240.1481176743863
730800.0   229.22184711010738
732240.0   309.87316779615134
733680.0   305.2478956657969
735120.0   305.9799618738877
736560.0   301.7681490637174
738000.0   300.29976044865157
739440.0   304.37659095134995
740880.0   282.9837193022911
742320.0   307.46294317084244
743760.0   317.39873545191546
745200.0   314.1664564135344
746640.0   306.55941295055766
748080.0   323.9301766540013
749520.0   312.27123185321966
750960.0   300.5849257738962
752400.0   313.86730643481286
753840.0   275.76277388095673
755280.0   262.2493424234666
756720.0   301.75963666594896
758160.0   267.87238917797146
759600.0   318.5023070197599
761040.0   315.6360610854244
762480.0   208.4832140323987
763920.0   275.6436003121978
765360.0   321.3715930961558
766800.0   322.1820949693991
768240.0   320.6304064618844
769680.0   316.88130327327315
771120.0   311.38472642847177
772560.0   321.81119763805737
774000.0   320.1397275333717
775440.0   320.708842127037
776880.0   317.3476610653044
778320.0   309.71933660790637
779760.0   292.0822564599911
781200.0   203.88469515217392
782640.0   289.44158906652063
784080.0   284.4715648265421
785520.0   266.08113747611475
786960.0   298.76631279349795
788400.0   295.9833667516112
789840.0   300.3818442842764
791280.0   290.5621854299022
792720.0   304.48786015075245
794160.0   282.0923496502469
795600.0   287.8613232236402
797040.0   279.0552477321293
798480.0   311.54098973036486
799920.0   313.57606082544794
801360.0   311.5525422701936
802800.0   311.2710251154211
804240.0   313.36568299488357
805680.0   312.47613742807556
807120.0   307.89342728656356
808560.0   300.5472280123501
810000.0   315.4530445334017
811440.0   313.45141500098066
812880.0   307.59366927943006
814320.0   258.1117090795647
815760.0   295.4489097774319
817200.0   291.0236789946372
818640.0   305.4065910813382
820080.0   305.626697366495
821520.0   302.7987572221177
822960.0   296.2119854345365
824400.0   301.35468974353324
825840.0   297.73935280556987
827280.0   299.520876052834
828720.0   292.9219436970122
830160.0   293.5123392850987
831600.0   299.1372101248396
833040.0   298.86298931101163
834480.0   285.9527220382606
835920.0   262.290080327073
837360.0   268.54912480056703
838800.0   289.38017819690504
840240.0   289.72128213605697
841680.0   288.7356680801474
843120.0   252.12080513577834
844560.0   239.97604563378027
846000.0   255.44793660643688
847440.0   280.35582050547345
848880.0   272.4094971885807
850320.0   243.9166777721826
851760.0   282.3416412991815
853200.0   285.9642745780894
854640.0   284.711128020884
856080.0   282.84508882434693
857520.0   277.135702035333
858960.0   264.69179255461347
860400.0   258.6115084342579
861840.0   248.76935252863845
863280.0   259.5934743196953
864720.0   248.3710939187551
866160.0   230.2250939899661
867600.0   198.41061535861775
869040.0   249.3597481167249
870480.0   250.83239293067504
871920.0   215.76009806764029
873360.0   251.4033316095764
874800.0   233.61606844388834
876240.0   218.01041122058385
877680.0   249.8954211477282
879120.0   219.86003364999598
880560.0   239.32180706243
882000.0   247.86825442200174
883440.0   250.68403399813835
884880.0   177.97964465739915
886320.0   198.67753983150132
887760.0   204.49029145056124
889200.0   218.91698158292886
890640.0   210.76757677641632
892080.0   200.0334431903407
893520.0   201.77909276129475
894960.0   212.164218038862
896400.0   228.5688245955812
897840.0   221.68411888610265
899280.0   222.95307418202086
900720.0   221.1593903665159
902160.0   213.72259485890913
903600.0   189.95233211879116
905040.0   207.2051383103
906480.0   182.40791558225405
907920.0   149.45277564992705
909360.0   163.82960745250773
910800.0   199.9987855708546
912240.0   178.44539442101834
913680.0   180.08646310510227
915120.0   177.00315102767001
916560.0   204.04947085183548
918000.0   204.83078736130122
919440.0   207.52678534026685
920880.0   203.34598197911035
922320.0   168.54608384466752
923760.0   186.58811091499848
925200.0   188.5538667711094
926640.0   174.37768434450052
928080.0   134.7992909198702
929520.0   172.01671002056645
930960.0   186.0773670488886
932400.0   170.20478535270047
933840.0   136.68113885512025
935280.0   110.4586975292629
936720.0   170.30875821115856
938160.0   180.63247261911022
939600.0   175.139543944781
941040.0   169.6715444353453
942480.0   166.93116038230104
943920.0   125.30735937958318
945360.0   87.59318106625389
946800.0   127.01470316057897
948240.0   119.50616030035195
949680.0   69.7116734967003
951120.0   91.43044837461026
952560.0   113.63990218103294
954000.0   135.9721777266868
955440.0   151.75294713265754
956880.0   151.90495423566645
958320.0   90.44240220505249
959760.0   37.2709256009554
961200.0   79.7161729883333
962640.0   95.3692564277766
964080.0   33.936497789352416
965520.0   136.21234894944084
966960.0   143.29648797806706
968400.0   139.60575551701126
969840.0   105.41510185142802
971280.0   111.25095855014526
972720.0   131.34568953950821
974160.0   100.53080961754641
975600.0   122.77674512869118
977040.0   106.57582809000385
978480.0   117.77267129763861
979920.0   127.29074805964312
981360.0   105.56832501126098
982800.0   126.83594280744057
984240.0   87.72755534531376
985680.0   57.70128827376202
987120.0   42.41910216566041
988560.0   85.76787977332319
990000.0   119.89286637040657
991440.0   99.49290511820172
992880.0   116.28300168815151
994320.0   108.24060988215723
995760.0   106.75154830108215
997200.0   91.43835274396675
998640.0   101.68971177088616
1000080.0   89.9687480720768
1001520.0   76.33614304582767
1002960.0   71.81241166028315
1004400.0   89.28167596647664
1005840.0   38.666958834989025
1007280.0   35.558717592663285
1008720.0   100.746051675407
1010160.0   109.18548603446047
1011600.0   90.41017669921462
1013040.0   47.521676599462786
1014480.0   80.77900665257145
1015920.0   96.50505350145899
1017360.0   49.49351273969406
1018800.0   82.14767860806347
1020240.0   107.13825437113677
1021680.0   103.1435077040632
1023120.0   103.57763999025659
1024560.0   100.78131732330506
1026000.0   99.32144110600768
1027440.0   96.76954586069446
1028880.0   102.71727978722623
1030320.0   55.57562094528573
1031760.0   52.86503028443123
1033200.0   98.48357795422271
1034640.0   104.87334853630433
1036080.0   77.76440178569916
1037520.0   88.3453122119419
1038960.0   79.22306194617246
1040400.0   56.70533773484778
1041840.0   63.11638931135066
1043280.0   105.50265794276113
1044720.0   103.22011928397966
1046160.0   98.67145873354168
1047600.0   49.83157653678586
1049040.0   68.73457183855918
1050480.0   90.03988739628498
1051920.0   73.34829142908495
1053360.0   81.7682688789533
1054800.0   107.94693215914405
1056240.0   108.98544468690079
1057680.0   104.2932894312224
1059120.0   90.54515900668652
1060560.0   100.36116969058851
1062000.0   64.37379206744018
1063440.0   102.82611687298062
1064880.0   103.12101065281787
1066320.0   94.0917887340899
1067760.0   81.61078952023608
1069200.0   120.10689237144305
1070640.0   116.33164396111435
1072080.0   103.7235668091451
1073520.0   92.33641070854324
1074960.0   88.6487183895476
1076400.0   106.82207959687828
1077840.0   85.04797413347306
1079280.0   116.84177979881218
1080720.0   86.57473347609435
1082160.0   93.84796934086364
1083600.0   105.004682673304
1085040.0   51.147958048842824
1086480.0   27.591113281349383
1087920.0   92.5236834594502
1089360.0   78.38276668073934
1090800.0   78.75244795525695
1092240.0   132.9539246893423
1093680.0   63.38939406835463
1095120.0   104.71647720599915
1096560.0   72.78100092065579
1098000.0   125.96889429187787
1099440.0   117.13302540817719
1100880.0   125.43504534611064
1102320.0   135.736262702817
1103760.0   79.30636183862134
1105200.0   128.6442193048343
1106640.0   68.6324230653372
1108080.0   65.48587603305322
1109520.0   87.10797439344955
1110960.0   71.14783660592829
1112400.0   55.68749817310027
1113840.0   80.81427230046953
1115280.0   76.14704620968462
1116720.0   135.55750234967857
1118160.0   164.55376929124202
1119600.0   162.74184462337607
1121040.0   167.5525654194014
1122480.0   166.85880500126885
1123920.0   136.61668784344442
1125360.0   163.71712219628114
1126800.0   101.99190189166785
1128240.0   172.16385289627902
1129680.0   177.5728736497473
1131120.0   180.19104399197244
1132560.0   174.65980952768496
1134000.0   90.98050734970397
1135440.0   111.2108286749509
1136880.0   179.62679362560337
1138320.0   168.02804363761322
1139760.0   194.94363735319106
1141200.0   194.23650030999372
1142640.0   196.4266186501458
1144080.0   198.60396839364506
1145520.0   195.91709084085994
1146960.0   125.52503355109191
1148400.0   160.60158461301094
1149840.0   82.83839888413586
1151280.0   152.42846669842905
1152720.0   62.80447073597642
1154160.0   150.21037905132334
1155600.0   195.0561226094176
1157040.0   186.9547520474559
1158480.0   178.47275569955994
1159920.0   197.15929288664861
1161360.0   222.03251916619902
1162800.0   224.55097284885028
1164240.0   211.32088263136865
1165680.0   225.06658094225642
1167120.0   223.59515218513044
1168560.0   185.81591483171331
1170000.0   238.98617537898636
1171440.0   242.4713942367742
1172880.0   243.80844871484035
1174320.0   221.05480947964583
1175760.0   152.4059696471837
1177200.0   238.15317645449764
1178640.0   237.4253664452911
1180080.0   212.12834436255187
1181520.0   246.0277524187701
1182960.0   251.8082785319921
1184400.0   258.1038047102082
1185840.0   203.99231618110414
1187280.0   174.41842224810685
1188720.0   196.99573324381106
1190160.0   231.49040111541208
1191600.0   226.99038283793692
1193040.0   261.07098336094174
1194480.0   259.552736416089
1195920.0   263.91412421562
1197360.0   263.29819143422793
1198800.0   270.69728918028864
1200240.0   269.9457660630126
1201680.0   255.58352694232084
1203120.0   265.6026191158427
1204560.0   267.39691095975957
1206000.0   224.96564822585853
1207440.0   264.33244776310045
1208880.0   264.9270995500712
1210320.0   231.10491110218155
1211760.0   147.86460543769016
1213200.0   115.73151991843527
1214640.0   284.3615116839636
1216080.0   279.62983458150296
1217520.0   279.36291010861925
1218960.0   287.874091820293
1220400.0   288.9399656265913
1221840.0   288.2419490095745
1223280.0   259.963763622625
1224720.0   265.18368753995026
1226160.0   285.8305083274415
1227600.0   290.5117190717032
1229040.0   287.84429842810323
1230480.0   285.73139969627965
1231920.0   272.7086471673023
1233360.0   290.883224431457
1234800.0   276.4571423275014
1236240.0   272.24776163097926
1237680.0   298.61673780413713
1239120.0   279.10328197668014
1240560.0   290.63818898140664
1242000.0   264.0533627219761
1243440.0   255.6151444197467
1244880.0   293.8680359061395
1246320.0   290.6199481290456
1247760.0   187.4028689871261
1249200.0   99.68686618164107
1250640.0   111.14272949280293
1252080.0   312.07301459089604
1253520.0   304.58332061144205
1254960.0   277.2950054792863
1256400.0   301.5474347501485
1257840.0   300.34657863637835
1259280.0   286.1734363518296
1260720.0   270.4285406221689
1262160.0   262.08395869539294
1263600.0   228.39188832767886
1265040.0   147.6207860444639
1266480.0   227.61239590344925
1267920.0   298.409400115633
1269360.0   310.8624300225332
1270800.0   310.721367430941
1272240.0   307.53773066552276
1273680.0   268.1064801166051
1275120.0   285.83780466838596
1276560.0   310.1479966383914
1278000.0   309.8342539777811
1279440.0   261.65833880696806
1280880.0   176.20906592155157
1282320.0   274.38680558452035
1283760.0   279.77028914468315
1285200.0   156.82268803221
1286640.0   307.15710487958853
1288080.0   318.60871199186613
1289520.0   307.1552807943524
1290960.0   305.2551920067413
1292400.0   279.8304839574746
1293840.0   267.8048980242355
1295280.0   94.04618660318724
1296720.0   240.4551720224642
1298160.0   289.036642144105
1299600.0   299.3706930350612
1301040.0   313.4660076828694
1302480.0   320.4303651143247
1303920.0   319.956102952937
1305360.0   314.5093844379225
1306800.0   291.99044416977375
1308240.0   305.3202510468292
1309680.0   315.8628556831136
1311120.0   316.3991367425289
1312560.0   321.360040556327
1314000.0   319.0537887894762
1315440.0   322.39551294202363
1316880.0   326.4364697684119
1318320.0   261.0691592757056
1319760.0   319.42286203558183
1321200.0   319.51832249627137
1322640.0   317.78848166403014
1324080.0   312.8135931967552
1325520.0   311.6030086283925
1326960.0   308.5853636194601
1328400.0   309.8251335516006
1329840.0   310.72623165823734
1331280.0   309.7217687215545
1332720.0   287.2630232661973
1334160.0   280.8568359169907
1335600.0   285.5836487921551
1337040.0   256.4128776963374
1338480.0   250.7345003563373
1339920.0   291.41281717833994
1341360.0   308.68933647791806
1342800.0   309.01280759312107
1344240.0   311.32757175774043
1345680.0   303.26329092891285
1347120.0   303.9600914891056
1348560.0   284.2763877062786
1350000.0   302.96961320589975
1351440.0   269.50312137905075
1352880.0   293.0228764134101
1354320.0   297.7357046350977
1355760.0   296.7598190337807
1357200.0   299.8139457474351
1358640.0   299.0733671415759
1360080.0   297.00546251224296
1361520.0   294.20123547593494
1362960.0   294.67914580779484
1364400.0   294.93998999655815
1365840.0   290.9677403807299
1367280.0   289.3345760660024
1368720.0   284.7494338108423
1370160.0   277.9905899826551
1371600.0   283.05850679697147
1373040.0   283.8252306245482
1374480.0   284.6995754810554
1375920.0   288.4292217604815
1377360.0   276.7106901753203
1378800.0   261.3956705329688
1380240.0   259.64090053583413
1381680.0   274.14906647541443
1383120.0   276.6261742260473
1384560.0   277.2889251951661
1386000.0   272.9415220491118
1387440.0   238.23951648900675
1388880.0   191.6560277293148
1390320.0   267.85658043925855
1391760.0   256.44935940105944
1393200.0   273.6979093936841
1394640.0   271.83855850967933
1396080.0   268.4396796864006
1397520.0   264.53492122430833
1398960.0   255.83889887537578
1400400.0   215.49499767999276
1401840.0   260.7760895811045
1403280.0   259.0657056580485
1404720.0   251.85874489019102
1406160.0   249.45034435011817
1407600.0   251.73713920778397
1409040.0   214.34399989600945
1410480.0   248.3303560151487
1411920.0   243.69049120290546
1413360.0   237.3323380982497
1414800.0   224.20986890969832
1416240.0   237.88199578272977
1417680.0   231.77435038383265
1419120.0   235.97947488147062
1420560.0   235.70221392558227
1422000.0   231.90750860606843
1423440.0   231.96952750409608
1424880.0   232.11849446504476
1426320.0   231.2775911711996
1427760.0   228.04044790552234
1429200.0   222.78647439712313
1430640.0   220.79153317723444
1432080.0   208.08738753616365
1433520.0   222.13831610989322
1434960.0   206.6542645689958
1436400.0   191.95213756597613
1437840.0   205.25579922131405
1439280.0   180.56072526649004
1440720.0   158.03205654374872
1442160.0   142.48537807641165
1443600.0   148.19598092224956
1445040.0   141.6998053680617
1446480.0   134.32320467324635
1447920.0   158.69967174016375
1449360.0   178.06172849302388
1450800.0   192.719469421965
1452240.0   194.51740943635414
1453680.0   173.71189323332155
1455120.0   176.38661021786598
1456560.0   190.00462256222622
1458000.0   185.93752051412042
1459440.0   149.3390743368764
1460880.0   167.460753129184
1462320.0   182.52283295212877
1463760.0   179.29967433992826
1465200.0   176.59090776430992
1466640.0   173.5057716016415
1468080.0   170.27410059167255
1469520.0   170.08196361346927
1470960.0   161.7276532321008
1472400.0   168.68836249308382
1473840.0   163.5626829796241
1475280.0   161.6145599474622
1476720.0   162.78319055539447
1478160.0   141.25655265568778
1479600.0   149.19983583052024
1481040.0   104.17898008975972
1482480.0   99.54154739116454
1483920.0   153.31618818000095
1485360.0   124.54245963724244
1486800.0   148.34312379796216
1488240.0   95.98579723758064
1489680.0   96.23934508539946
1491120.0   88.21397807494219
1492560.0   141.33620437766442
1494000.0   131.67645699565563
1495440.0   92.09684751420124
1496880.0   120.79943673275157
1498320.0   103.41651246106716
1499760.0   107.61312456093651
1501200.0   76.27412414780004
1502640.0   126.40606672013142
1504080.0   105.53184330653885
1505520.0   110.26960069311986
1506960.0   102.57317705357383
1508400.0   42.89701249752037
1509840.0   112.50106496529035
1511280.0   79.89493334147176
1512720.0   90.58164071140865
1514160.0   88.91260272037104
1515600.0   79.54896517502354
1517040.0   84.15964462348914
1518480.0   115.48405235473676
1519920.0   121.92854549390162
1521360.0   118.1624175097534
1522800.0   116.68855663897922
1524240.0   106.25843725892133
1525680.0   92.5115228912095
1527120.0   106.38429914021268
1528560.0   88.88828158388964
1530000.0   88.46083761022862
1531440.0   112.17759385008745
1532880.0   103.82510755395506
1534320.0   79.89432531305971
1535760.0   87.98171122154463
1537200.0   98.96878462702709
1538640.0   90.85829363888482
1540080.0   95.36317614365623
1541520.0   104.93354334909586
1542960.0   107.92504313631078
1544400.0   107.28478921843735
1545840.0   98.83319429114314
1547280.0   103.79835430382548
1548720.0   104.80950555304061
1550160.0   100.23105161041289
1551600.0   102.80422785014733
1553040.0   95.9851892091686
1554480.0   101.80158899870072
1555920.0   83.371031773079
1557360.0   87.45029438942555
1558800.0   79.20299700857531
1560240.0   95.33095063781836
1561680.0   51.03912096308847
1563120.0   22.368757250376028
1564560.0   17.579317448771977
1566000.0   45.718872357777386
1567440.0   101.20389706966976
1568880.0   102.5026457577777
1570320.0   98.98337730891593
1571760.0   97.94425675274717
1573200.0   57.84356692217834
1574640.0   91.70527721685033
1576080.0   104.1017604814312
1577520.0   107.416123355437
1578960.0   107.07501941628506
1580400.0   103.69012524648315
1581840.0   101.12181323404498
1583280.0   45.93168230198981
1584720.0   103.56973562090009
1586160.0   106.4943522827911
1587600.0   67.80854456702905
1589040.0   85.90772630809134
1590480.0   50.589179938182156
1591920.0   45.464108453134486
1593360.0   78.37425428297082
1594800.0   110.49153106351284
1596240.0   79.22488603140859
1597680.0   72.96888169997479
1599120.0   72.24411183282838
1600560.0   103.17938138037327
1602000.0   111.11415215743725
1603440.0   120.68147922081666
1604880.0   123.74229424700363
1606320.0   89.59541862708697
1607760.0   102.27037890438012
1609200.0   110.65752281999853
1610640.0   78.83817996135396
1612080.0   120.18776015024382
1613520.0   99.3250892764799
1614960.0   127.62759579991085
1616400.0   131.05140378808306
1617840.0   134.02344666611282
1619280.0   136.44400777442635
1620720.0   137.02406687950824
1622160.0   137.2429571078411
1623600.0   140.62177099352266
1625040.0   72.83997967662323
1626480.0   80.44519905436394
1627920.0   79.36290848094065
1629360.0   98.58755081268077
1630800.0   146.647332556795
1632240.0   97.62382577960442
1633680.0   151.92197903120345
1635120.0   94.93694822681933
1636560.0   43.70629831393968
1638000.0   145.66415061453353
1639440.0   155.1658106094131
1640880.0   142.13211356901897
1642320.0   159.9418737859524
1643760.0   66.20699772972736
1645200.0   103.50954080810861
1646640.0   155.7039157540646
1648080.0   133.27131552042485
1649520.0   61.394452848465974
1650960.0   56.6816246267784
1652400.0   116.13403472720279
1653840.0   154.65810688536342
1655280.0   137.95678246357085
1656720.0   140.86498235833687
1658160.0   86.67080196519596
1659600.0   145.31696639126122
1661040.0   161.13178538830593
1662480.0   181.00276192203987
1663920.0   182.9940549714563
1665360.0   134.0745210527238
1666800.0   173.02482112772137
1668240.0   157.4945594275093
1669680.0   158.1354213737947
1671120.0   181.3712271397334
1672560.0   200.6980182446955
1674000.0   197.91446417439678
1675440.0   171.87503940056217
1676880.0   210.00024492042743
1678320.0   207.16622449192974
1679760.0   197.5271500759301
1681200.0   182.05708318850955
1682640.0   209.8227006241131
1684080.0   221.83369387546338
1685520.0   190.4059213141697
1686960.0   176.54408957658316
1688400.0   119.58216385185641
1689840.0   206.53569902864888
1691280.0   213.98222299084827
1692720.0   206.7296600920882
1694160.0   204.57298331459808
1695600.0   195.5346409696896
1697040.0   216.8436046978876
1698480.0   137.93428541232552
1699920.0   217.3902222403076
1701360.0   212.01099487902897
1702800.0   157.92017931593415
1704240.0   242.58205540776459
1705680.0   246.56220939294934
1707120.0   136.43914354713007
1708560.0   246.58835461466686
1710000.0   254.92746428573452
1711440.0   254.72742293817484
1712880.0   256.35329091195786
1714320.0   253.42137790912244
1715760.0   193.85465846723537
1717200.0   248.05248703084848
1718640.0   259.04624874886326
1720080.0   263.37358695732036
1721520.0   259.706567604334
1722960.0   181.77495800532503
1724400.0   259.4189701654411
1725840.0   268.9029973363717
1727280.0   267.4346087213058
1728720.0   200.8348246374035
1730160.0   166.6636278810054
1731600.0   267.0910726685057
1733040.0   240.7111519839312
1734480.0   275.0550288093475
1735920.0   253.0614250891974
1737360.0   235.594592896652
1738800.0   284.4253546672273
1740240.0   281.30799299872103
1741680.0   284.49588596302345
1743120.0   284.8546227261244
1744560.0   279.44681802948026
1746000.0   281.65274510834524
1747440.0   285.034599136087
1748880.0   267.489331278389
1750320.0   241.09603396874974
1751760.0   269.50555349269894
1753200.0   279.7824497129238
1754640.0   257.3389049678675
1756080.0   257.93902901054656
1757520.0   251.18930560853997
1758960.0   195.88182519296188
1760400.0   208.58475477720864
1761840.0   266.6885578597382
1763280.0   266.2945554487392
1764720.0   253.94185022982484
1766160.0   236.93043131789418
1767600.0   271.43361158726367
1769040.0   272.9968526346071
1770480.0   295.12239852016876
1771920.0   282.0589080875849
1773360.0   232.4468298075439
1774800.0   238.5046168766542
1776240.0   240.99874942282403
1777680.0   288.8323445976611
1779120.0   240.64366083019524
1780560.0   292.96268160061857
1782000.0   301.4987924771857
1783440.0   281.4320307947763
1784880.0   239.71641750184108
1786320.0   261.66381106267636
1787760.0   265.01830381187654
1789200.0   264.2284749046424
1790640.0   304.3522698148686
1792080.0   312.2049567563077
1793520.0   306.56062900738175
1794960.0   307.19966686843105
1796400.0   318.1478264555432
1797840.0   307.0099620038759
1799280.0   299.0970802496453
1800720.0   288.20546730485233
1802160.0   304.464147042683
1803600.0   308.9897025134636
1805040.0   315.1380858159672
1806480.0   310.45505098646936
1807920.0   317.69788543063686
1809360.0   285.22369597222996
1810800.0   316.9968286715599
1812240.0   320.1427676754319
1813680.0   311.8827016979289
1815120.0   280.5230283187832
1816560.0   305.5883915765368
1818000.0   248.7170620852033
1819440.0   247.54660739203493
1820880.0   267.36164531186154
1822320.0   261.5592301758063
1823760.0   288.85484164890636
1825200.0   280.758335314241
1826640.0   289.24276377578497
1828080.0   290.43389143496273
1829520.0   253.23592924345155
1830960.0   209.495581338438
1832400.0   182.29725441126357
1833840.0   220.047914429315
1835280.0   266.6800454619697
1836720.0   302.2186981170358
1838160.0   312.0292365452294
1839600.0   295.01052129235427
1841040.0   308.54888191473793
1842480.0   311.267376944949
1843920.0   314.7136819843664
1845360.0   314.4273006022977
1846800.0   311.5282211337121
1848240.0   301.79064611496267
1849680.0   269.0835817747463
1851120.0   238.825655878209
1852560.0   261.0770636450621
1854000.0   289.0396822861652
1855440.0   307.33039297701873
1856880.0   303.47549284471324
1858320.0   295.93715659229645
1859760.0   290.4521322873238
1861200.0   305.13784252321847
1862640.0   303.7351209766524
1864080.0   277.492614713198
1865520.0   259.76615438871346
1866960.0   280.6251770920052
1868400.0   299.79996109395836
1869840.0   300.9248136562241
1871280.0   298.39176729168406
1872720.0   236.77720815806123
1874160.0   264.7805647027706
1875600.0   252.72153720686944
1877040.0   260.6915736318315
1878480.0   279.7532643491461
1879920.0   251.30908720571094
1881360.0   263.09632600143215
1882800.0   265.67375844005085
1884240.0   260.9019514623959
1885680.0   264.6364619691182
1887120.0   274.6063038412651
1888560.0   277.51632782126734
1890000.0   287.6643220181407
1891440.0   282.2759742306817
1892880.0   282.33312890141303
1894320.0   288.4419903571342
1895760.0   282.1580167187468
1897200.0   281.17240266283716
1898640.0   278.0270716873772
1900080.0   283.93589179553874
1901520.0   283.58262728814606
1902960.0   283.77719637999746
1904400.0   264.84379965762236
1905840.0   237.49528971267523
1907280.0   248.20875033274163
1908720.0   258.9130905266275
1910160.0   271.4366517293239
1911600.0   273.2418880846574
1913040.0   272.00272618092896
1914480.0   268.81969744392285
1915920.0   268.41110235103486
1917360.0   253.28882771529865
1918800.0   231.9628391915637
1920240.0   226.65110298402107
1921680.0   223.35619701920044
1923120.0   147.0559276496829
1924560.0   251.5930364741315
1926000.0   257.52313757671425
1927440.0   256.65852117479966
1928880.0   255.50022704987205
1930320.0   255.94287173383387
1931760.0   252.73187368987405
1933200.0   254.07561648047266
1934640.0   242.52064453814904
1936080.0   230.25427935374375
1937520.0   235.77517733502654
1938960.0   210.94512107273067
1940400.0   215.47858091286776
1941840.0   237.03318811952812
1943280.0   218.81544083811892
1944720.0   187.10615112205272
1946160.0   186.42211915851274
1947600.0   197.47850780296727
1949040.0   196.1317248703085
1950480.0   218.36428375638855
1951920.0   209.52172656015549
1953360.0   222.61926658381333
1954800.0   224.0013151643702
1956240.0   222.69040590802146
1957680.0   207.03732246857817
1959120.0   216.45446651418487
1960560.0   217.9167748451303
1962000.0   217.25219979077548
1963440.0   186.41725493121652
1964880.0   167.98183347829846
1966320.0   54.86240361796802
1967760.0   40.76891305539592
1969200.0   35.545340967598484
1970640.0   96.22475240351062
1972080.0   136.78875988405056
1973520.0   197.80562708864238
1974960.0   126.60489201086708
1976400.0   181.9780394949449
1977840.0   114.61396369711389
1979280.0   190.2897878874709
1980720.0   183.93102675440312
1982160.0   176.48693490585183
1983600.0   150.60073329185016
1985040.0   170.53433675202373
1986480.0   165.3977127271474
1987920.0   118.36002674366495
1989360.0   117.29293688054254
1990800.0   96.94161790130053
1992240.0   123.70338042863338
1993680.0   155.05940563730687
1995120.0   146.39682485103634
1996560.0   134.75490484579163
1998000.0   153.68890959657875
1999440.0   157.53043310381935
2000880.0   129.40790299035095
2002320.0   115.15450095541351
2003760.0   49.21564375539385
2005200.0   151.49879125642667
2006640.0   156.1112947901284
2008080.0   157.10785335745464
2009520.0   152.6175635345721
2010960.0   138.15743183954257
2012400.0   137.30862417634097
2013840.0   101.93231510728839
2015280.0   132.28144526563096
2016720.0   128.5773361795104
2018160.0   142.62461658276777
2019600.0   135.14465105790637
2021040.0   135.6973488844467
2022480.0   121.72363991904562
2023920.0   128.7299513109313
2025360.0   100.12099846783444
2026800.0   74.21716402988375
2028240.0   90.48374813707093
2029680.0   124.75101338257065
2031120.0   119.86428903504091
2032560.0   102.19802352334793
2034000.0   99.89846006902944
2035440.0   97.95884943463601
2036880.0   112.33142503833241
2038320.0   48.95115139615837
2039760.0   18.424476941501396
2041200.0   27.470115627354307
2042640.0   92.61367166443146
2044080.0   65.03958317861911
2045520.0   107.80282942549162
2046960.0   106.15385637205122
2048400.0   102.41995389374085
2049840.0   107.40639490084445
2051280.0   62.840952440698544
2052720.0   77.80149151883334
2054160.0   67.26739928031739
2055600.0   91.85606826303516
2057040.0   21.17337339231413
2058480.0   49.177337965435605
2059920.0   82.26746020523447
2061360.0   57.913490189562424
2062800.0   92.72676494907007
2064240.0   100.42379661702815
2065680.0   89.72188853679036
2067120.0   84.59134479603438
2068560.0   99.9902723592468
2070000.0   101.41488292864612
2071440.0   101.17775184795224
2072880.0   87.2374844452131
2074320.0   55.16580979557376
2075760.0   101.92015453904766
2077200.0   23.21270068628138
2078640.0   79.81892978996733
2080080.0   74.6950743617437
2081520.0   71.33389330001117
2082960.0   94.05105083048352
2084400.0   52.93434552340327
2085840.0   57.05373801494415
2087280.0   92.3169537993581
2088720.0   76.24493878402234
2090160.0   102.53851943408779
2091600.0   100.73997139128663
2093040.0   95.20448072811497
2094480.0   15.169092823463043
2095920.0   87.93367697699381
2097360.0   101.4319077241831
2098800.0   99.24118135561899
2100240.0   103.53203785935389
2101680.0   51.123636912361405
