720   34.8911024
2160   64.83224549
3600   99.30563237
5040   68.14417625
6480   23.69790736
7920   109.5338863
9360   106.6481835
10800   89.2160089
12240   114.1670628
13680   104.1151371
15120   111.4430955
16560   88.53197693
18000   86.65499323
19440   116.0884326
20880   119.9646137
22320   118.2907115
23760   121.1077071
25200   89.88484015
26640   86.54798023
28080   111.6175997
29520   105.6431125
30960   86.89942065
32400   122.5548148
33840   90.16939745
35280   107.1461587
36720   114.0314725
38160   79.00903595
39600   122.7803933
41040   56.95219727
42480   106.7290512
43920   111.004099
45360   135.0704716
46800   119.0775003
48240   134.4606191
49680   125.278174
51120   144.1775211
52560   121.8993601
54000   129.0795676
55440   137.4630634
56880   75.07266001
58320   120.3501037
59760   137.8333527
61200   100.7120021
62640   80.59112587
64080   95.96208413
65520   122.388823
66960   132.5812033
68400   134.1535647
69840   104.6581065
71280   163.5857881
72720   172.8953111
74160   172.5013087
75600   56.69439322
77040   62.66158406
78480   142.5595575
79920   156.5952854
81360   137.5074495
82800   76.40606631
84240   126.7885166
85680   180.6695624
87120   183.957172
88560   189.1211573
90000   126.5027432
91440   135.8244268
92880   146.1250362
94320   94.07841211
95760   127.074898
97200   127.6050987
98640   129.5191722
100080   118.0189228
101520   195.2318428
102960   70.54649651
104400   208.8595836
105840   205.0174521
107280   143.8625624
108720   162.0395718
110160   199.8291456
111600   219.7098506
113040   177.002543
114480   237.3785483
115920   189.8155257
117360   152.3244938
118800   144.3836428
120240   45.05551336
121680   86.29078421
123120   193.6807623
124560   209.5077419
126000   118.1776182
127440   242.4142396
128880   199.3737324
130320   248.3783903
131760   224.9151819
133200   252.3275348
134640   220.8687528
136080   181.5080335
137520   222.6818935
138960   226.8061502
140400   150.1757214
141840   192.4993631
143280   265.1891598
144720   271.571026
146160   269.2355889
147600   272.2514098
149040   260.8180435
150480   228.7147514
151920   270.4121239
153360   272.8272127
154800   254.3619979
156240   223.2777614
157680   158.2436504
159120   209.0681374
160560   266.5493194
162000   268.0517576
163440   233.2105135
164880   243.986601
166320   240.6600776
167760   278.4496514
169200   274.2560795
170640   257.7687811
172080   265.3150217
173520   283.2646284
174960   269.2659903
176400   280.837987
177840   284.5998588
179280   282.5118893
180720   285.8907031
182160   280.0487662
183600   271.2584994
185040   266.926297
186480   285.4279935
187920   230.1746276
189360   198.7261821
190800   289.0451545
192240   299.0478299
193680   301.1503922
195120   289.2312112
196560   302.3944183
198000   302.129926
199440   297.9612832
200880   276.1835295
202320   288.0595405
203760   223.3884225
205200   305.5032676
206640   307.7961427
208080   306.7661426
209520   289.5224568
210960   251.8283435
212400   222.799243
213840   212.0869984
215280   263.652064
216720   301.8082789
218160   287.9288144
219600   293.9294468
221040   301.6951857
222480   270.1020294
223920   285.1069545
225360   267.8590126
226800   238.7526925
228240   259.1338048
229680   282.1732174
231120   289.5437378
232560   275.46484
234000   282.0692446
235440   317.9648099
236880   312.9868813
238320   317.9404888
239760   318.7552468
241200   312.3764208
242640   251.6240459
244080   253.3557108
245520   295.4166843
246960   268.3490835
248400   227.6768469
249840   316.0118226
251280   318.0712149
252720   297.7472572
254160   237.759174
255600   264.5914679
257040   283.0147288
258480   294.2310289
259920   288.8438971
261360   276.986127
262800   314.8796737
264240   298.2963068
265680   266.6107302
267120   309.321686
268560   314.3257599
270000   314.8164388
271440   318.5989835
272880   317.8401641
274320   303.8038282
275760   286.6975568
277200   314.5312735
278640   311.7167099
280080   308.5348973
281520   296.0241047
282960   308.1001569
284400   313.0197148
285840   318.0584463
287280   313.921421
288720   317.2278795
290160   313.8594021
291600   305.2229665
293040   306.8141769
294480   302.9197549
295920   271.3673365
297360   278.5201827
298800   286.1764765
300240   295.7705568
301680   297.4772926
303120   297.0820741
304560   284.4569721
306000   290.6053554
307440   288.455975
308880   289.8015419
310320   282.399404
311760   281.9269659
313200   275.0963747
314640   252.8595597
316080   263.8600097
317520   233.8574557
318960   261.8012255
320400   263.4289175
321840   248.672676
323280   263.802247
324720   241.3574862
326160   243.5621972
327600   255.0533262
329040   270.1737767
330480   277.2335946
331920   273.6930452
333360   273.5422541
334800   224.7619587
336240   235.8791502
337680   221.2670114
339120   252.1426942
340560   265.8482626
342000   266.3121883
343440   267.8748213
344880   269.8454414
346320   268.4567045
347760   261.4412727
349200   258.9860539
350640   257.0853571
352080   254.3455811
353520   225.0477321
354960   249.3895415
356400   248.2348956
357840   239.8282947
359280   223.7380389
360720   204.8356516
362160   209.9242414
363600   224.5193554
365040   234.97562
366480   214.2193541
367920   188.9126035
369360   231.1438249
370800   230.7996808
372240   229.3282521
373680   231.146257
375120   228.7944031
376560   226.0175374
378000   213.5274177
379440   115.7613133
380880   106.3216722
382320   155.7756631
383760   193.5007859
385200   202.4947422
386640   65.92730466
388080   172.5833925
389520   169.4131324
390960   145.8410869
392400   165.1563254
393840   169.663032
395280   144.3350005
396720   143.1931231
398160   191.4079521
399600   173.5112439
401040   178.8515574
402480   174.2104765
403920   150.2602374
405360   146.4527635
406800   133.4944619
408240   124.5594844
409680   171.2609307
411120   171.5868339
412560   148.0500541
414000   173.8414033
415440   127.4445792
416880   163.6763843
418320   119.3578014
419760   120.5452809
421200   89.16371845
422640   78.05503937
424080   87.92090838
425520   23.0673819
426960   53.4560339
428400   145.8739204
429840   156.0906218
431280   153.5970973
432720   109.2365604
434160   95.36682431
435600   101.2853729
437040   67.15491402
438480   73.04245314
439920   132.7514512
441360   135.6857963
442800   144.2249474
444240   143.38222
445680   140.0514403
447120   135.0984409
448560   134.4387301
450000   134.8497573
451440   132.274757
452880   129.1184815
454320   126.6164446
455760   124.934638
457200   125.1456238
458640   101.116949
460080   120.5221758
461520   119.5681792
462960   115.7175353
464400   115.6567324
465840   113.7140816
467280   112.3186564
468720   109.0644884
470160   99.60660643
471600   80.4184458
473040   79.30940198
474480   97.65361917
475920   65.01891021
477360   96.61753876
478800   101.5887791
480240   111.0095713
481680   107.6356216
483120   106.0152259
484560   96.43026601
486000   82.72773771
487440   82.64018162
488880   105.7531656
490320   104.4288798
491760   104.8204501
493200   76.71008052
494640   63.31460657
496080   37.92759629
497520   53.46758644
498960   104.6295291
500400   100.1495758
501840   62.42141284
503280   61.87297121
504720   55.01684283
506160   72.52258885
507600   104.2464712
509040   101.3036137
510480   102.4631239
511920   103.9017191
513360   103.3526695
514800   103.5253495
516240   103.2602492
517680   97.63355423
519120   98.76205497
520560   92.66961028
522000   104.5389329
523440   48.58876646
524880   51.0804669
526320   93.59746164
527760   42.32911396
529200   53.1222263
530640   74.45976737
532080   85.15741925
533520   95.70488811
534960   106.1179827
536400   110.8344591
537840   107.9317314
539280   41.21763802
540720   113.4678301
542160   113.6520627
543600   106.2432365
545040   120.0102159
546480   117.4996665
547920   50.98743855
549360   91.8396515
550800   75.00881702
552240   99.01621084
553680   38.11608509
555120   110.533485
556560   102.4734604
558000   102.2995643
559440   83.8167166
560880   99.19861937
562320   99.79387918
563760   121.5211665
565200   129.9064863
566640   129.858452
568080   131.6874015
569520   127.4974777
570960   134.9896038
572400   137.7360682
573840   141.6724441
575280   102.0004143
576720   92.28594435
578160   125.0726604
579600   143.3773558
581040   114.2546189
582480   143.9288375
583920   87.30011137
585360   151.5553379
586800   98.22516588
588240   115.5655282
589680   129.4376964
591120   157.0342819
592560   157.8119503
594000   98.62768069
595440   107.7614835
596880   164.9125061
598320   163.9530372
599760   162.9607349
601200   171.6749981
602640   167.9678488
604080   87.4654951
605520   177.6999516
606960   170.3592246
608400   184.7251119
609840   174.20014
611280   149.6899067
612720   185.7812572
614160   189.3424796
615600   188.7964701
617040   160.1042174
618480   203.3429418
619920   195.0609868
621360   199.9391988
622800   124.12292
624240   133.111404
625680   200.0425636
627120   193.5074742
628560   85.54108518
630000   135.9369121
631440   37.32260802
632880   160.6696838
634320   121.8428135
635760   144.5277455
637200   142.8830287
638640   206.8658585
640080   217.0989766
641520   229.604297
642960   230.3989901
644400   161.3293946
645840   197.1507805
647280   200.0273629
648720   221.9388828
650160   201.9396123
651600   234.4058974
653040   235.9685304
654480   244.7533249
655920   245.5668669
657360   216.871574
658800   240.6315003
660240   203.0790575
661680   253.7387687
663120   255.0204926
664560   258.5190881
666000   227.61422
667440   259.2596667
668880   226.9855186
670320   226.4711266
671760   235.8238196
673200   265.9887172
674640   267.5604706
676080   268.3849571
677520   276.6888012
678960   278.8004838
680400   270.3762502
681840   281.8418419
683280   280.6148406
684720   275.4423429
686160   273.3738303
687600   285.9892037
689040   267.5999924
690480   265.1982802
691920   256.4791528
693360   288.9065241
694800   291.4316661
696240   281.5931583
697680   232.6888251
699120   279.5653836
700560   273.1154182
702000   188.2668774
703440   225.9299813
704880   219.1723535
706320   229.7854894
707760   248.6568673
709200   294.5988861
710640   258.9386277
712080   283.5047997
713520   293.9148541
714960   274.951056
716400   280.2840732
717840   301.6982258
719280   259.7777069
720720   267.1944375
722160   303.3131493
723600   287.6193279
725040   253.2687628
726480   231.5572842
727920   216.9834512
729360   240.1481177
730800   229.2218471
732240   309.8731678
733680   305.2478957
735120   305.9799619
736560   301.7681491
738000   300.2997604
739440   304.376591
740880   282.9837193
742320   307.4629432
743760   317.3987355
745200   314.1664564
746640   306.559413
748080   323.9301767
749520   312.2712319
750960   300.5849258
752400   313.8673064
753840   275.7627739
755280   262.2493424
756720   301.7596367
758160   267.8723892
759600   318.502307
761040   315.6360611
762480   208.483214
763920   275.6436003
765360   321.3715931
766800   322.182095
768240   320.6304065
769680   316.8813033
771120   311.3847264
772560   321.8111976
774000   320.1397275
775440   320.7088421
776880   317.3476611
778320   309.7193366
779760   292.0822565
781200   203.8846952
782640   289.4415891
784080   284.4715648
785520   266.0811375
786960   298.7663128
788400   295.9833668
789840   300.3818443
791280   290.5621854
792720   304.4878602
794160   282.0923497
795600   287.8613232
797040   279.0552477
798480   311.5409897
799920   313.5760608
801360   311.5525423
802800   311.2710251
804240   313.365683
805680   312.4761374
807120   307.8934273
808560   300.547228
810000   315.4530445
811440   313.451415
812880   307.5936693
814320   258.1117091
815760   295.4489098
817200   291.023679
818640   305.4065911
820080   305.6266974
821520   302.7987572
822960   296.2119854
824400   301.3546897
825840   297.7393528
827280   299.5208761
828720   292.9219437
830160   293.5123393
831600   299.1372101
833040   298.8629893
834480   285.952722
835920   262.2900803
837360   268.5491248
838800   289.3801782
840240   289.7212821
841680   288.7356681
843120   252.1208051
844560   239.9760456
846000   255.4479366
847440   280.3558205
848880   272.4094972
850320   243.9166778
851760   282.3416413
853200   285.9642746
854640   284.711128
856080   282.8450888
857520   277.135702
858960   264.6917926
860400   258.6115084
861840   248.7693525
863280   259.5934743
864720   248.3710939
866160   230.225094
867600   198.4106154
869040   249.3597481
870480   250.8323929
871920   215.7600981
873360   251.4033316
874800   233.6160684
876240   218.0104112
877680   249.8954211
879120   219.8600336
880560   239.3218071
882000   247.8682544
883440   250.684034
884880   177.9796447
886320   198.6775398
887760   204.4902915
889200   218.9169816
890640   210.7675768
892080   200.0334432
893520   201.7790928
894960   212.164218
896400   228.5688246
897840   221.6841189
899280   222.9530742
900720   221.1593904
902160   213.7225949
903600   189.9523321
905040   207.2051383
906480   182.4079156
907920   149.4527756
909360   163.8296075
910800   199.9987856
912240   178.4453944
913680   180.0864631
915120   177.003151
916560   204.0494709
918000   204.8307874
919440   207.5267853
920880   203.345982
922320   168.5460838
923760   186.5881109
925200   188.5538668
926640   174.3776843
928080   134.7992909
929520   172.01671
930960   186.077367
932400   170.2047854
933840   136.6811389
935280   110.4586975
936720   170.3087582
938160   180.6324726
939600   175.1395439
941040   169.6715444
942480   166.9311604
943920   125.3073594
945360   87.59318107
946800   127.0147032
948240   119.5061603
949680   69.7116735
951120   91.43044837
952560   113.6399022
954000   135.9721777
955440   151.7529471
956880   151.9049542
958320   90.44240221
959760   37.2709256
961200   79.71617299
962640   95.36925643
964080   33.93649779
965520   136.2123489
966960   143.296488
968400   139.6057555
969840   105.4151019
971280   111.2509586
972720   131.3456895
974160   100.5308096
975600   122.7767451
977040   106.5758281
978480   117.7726713
979920   127.2907481
981360   105.568325
982800   126.8359428
984240   87.72755535
985680   57.70128827
987120   42.41910217
988560   85.76787977
990000   119.8928664
991440   99.49290512
992880   116.2830017
994320   108.2406099
995760   106.7515483
997200   91.43835274
998640   101.6897118
1000080   89.96874807
1001520   76.33614305
1002960   71.81241166
1004400   89.28167597
1005840   38.66695883
1007280   35.55871759
1008720   100.7460517
1010160   109.185486
1011600   90.4101767
1013040   47.5216766
1014480   80.77900665
1015920   96.5050535
1017360   49.49351274
1018800   82.14767861
1020240   107.1382544
1021680   103.1435077
1023120   103.57764
1024560   100.7813173
1026000   99.32144111
1027440   96.76954586
1028880   102.7172798
1030320   55.57562095
1031760   52.86503028
1033200   98.48357795
1034640   104.8733485
1036080   77.76440179
1037520   88.34531221
1038960   79.22306195
1040400   56.70533773
1041840   63.11638931
1043280   105.5026579
1044720   103.2201193
1046160   98.67145873
1047600   49.83157654
1049040   68.73457184
1050480   90.0398874
1051920   73.34829143
1053360   81.76826888
1054800   107.9469322
1056240   108.9854447
1057680   104.2932894
1059120   90.54515901
1060560   100.3611697
1062000   64.37379207
1063440   102.8261169
1064880   103.1210107
1066320   94.09178873
1067760   81.61078952
1069200   120.1068924
1070640   116.331644
1072080   103.7235668
1073520   92.33641071
1074960   88.64871839
1076400   106.8220796
1077840   85.04797413
1079280   116.8417798
1080720   86.57473348
1082160   93.84796934
1083600   105.0046827
1085040   51.14795805
1086480   27.59111328
1087920   92.52368346
1089360   78.38276668
1090800   78.75244796
1092240   132.9539247
1093680   63.38939407
1095120   104.7164772
1096560   72.78100092
1098000   125.9688943
1099440   117.1330254
1100880   125.4350453
1102320   135.7362627
1103760   79.30636184
1105200   128.6442193
1106640   68.63242307
1108080   65.48587603
1109520   87.10797439
1110960   71.14783661
1112400   55.68749817
1113840   80.8142723
1115280   76.14704621
1116720   135.5575023
1118160   164.5537693
1119600   162.7418446
1121040   167.5525654
1122480   166.858805
1123920   136.6166878
1125360   163.7171222
1126800   101.9919019
1128240   172.1638529
1129680   177.5728736
1131120   180.191044
1132560   174.6598095
1134000   90.98050735
1135440   111.2108287
1136880   179.6267936
1138320   168.0280436
1139760   194.9436374
1141200   194.2365003
1142640   196.4266187
1144080   198.6039684
1145520   195.9170908
1146960   125.5250336
1148400   160.6015846
1149840   82.83839888
1151280   152.4284667
1152720   62.80447074
1154160   150.2103791
1155600   195.0561226
1157040   186.954752
1158480   178.4727557
1159920   197.1592929
1161360   222.0325192
1162800   224.5509728
1164240   211.3208826
1165680   225.0665809
1167120   223.5951522
1168560   185.8159148
1170000   238.9861754
1171440   242.4713942
1172880   243.8084487
1174320   221.0548095
1175760   152.4059696
1177200   238.1531765
1178640   237.4253664
1180080   212.1283444
1181520   246.0277524
1182960   251.8082785
1184400   258.1038047
1185840   203.9923162
1187280   174.4184222
1188720   196.9957332
1190160   231.4904011
1191600   226.9903828
1193040   261.0709834
1194480   259.5527364
1195920   263.9141242
1197360   263.2981914
1198800   270.6972892
1200240   269.9457661
1201680   255.5835269
1203120   265.6026191
1204560   267.396911
1206000   224.9656482
1207440   264.3324478
1208880   264.9270996
1210320   231.1049111
1211760   147.8646054
1213200   115.7315199
1214640   284.3615117
1216080   279.6298346
1217520   279.3629101
1218960   287.8740918
1220400   288.9399656
1221840   288.241949
1223280   259.9637636
1224720   265.1836875
1226160   285.8305083
1227600   290.5117191
1229040   287.8442984
1230480   285.7313997
1231920   272.7086472
1233360   290.8832244
1234800   276.4571423
1236240   272.2477616
1237680   298.6167378
1239120   279.103282
1240560   290.638189
1242000   264.0533627
1243440   255.6151444
1244880   293.8680359
1246320   290.6199481
1247760   187.402869
1249200   99.68686618
1250640   111.1427295
1252080   312.0730146
1253520   304.5833206
1254960   277.2950055
1256400   301.5474348
1257840   300.3465786
1259280   286.1734364
1260720   270.4285406
1262160   262.0839587
1263600   228.3918883
1265040   147.620786
1266480   227.6123959
1267920   298.4094001
1269360   310.86243
1270800   310.7213674
1272240   307.5377307
1273680   268.1064801
1275120   285.8378047
1276560   310.1479966
1278000   309.834254
1279440   261.6583388
1280880   176.2090659
1282320   274.3868056
1283760   279.7702891
1285200   156.822688
1286640   307.1571049
1288080   318.608712
1289520   307.1552808
1290960   305.255192
1292400   279.830484
1293840   267.804898
1295280   94.0461866
1296720   240.455172
1298160   289.0366421
1299600   299.370693
1301040   313.4660077
1302480   320.4303651
1303920   319.956103
1305360   314.5093844
1306800   291.9904442
1308240   305.320251
1309680   315.8628557
1311120   316.3991367
1312560   321.3600406
1314000   319.0537888
1315440   322.3955129
1316880   326.4364698
1318320   261.0691593
1319760   319.422862
1321200   319.5183225
1322640   317.7884817
1324080   312.8135932
1325520   311.6030086
1326960   308.5853636
1328400   309.8251336
1329840   310.7262317
1331280   309.7217687
1332720   287.2630233
1334160   280.8568359
1335600   285.5836488
1337040   256.4128777
1338480   250.7345004
1339920   291.4128172
1341360   308.6893365
1342800   309.0128076
1344240   311.3275718
1345680   303.2632909
1347120   303.9600915
1348560   284.2763877
1350000   302.9696132
1351440   269.5031214
1352880   293.0228764
1354320   297.7357046
1355760   296.759819
1357200   299.8139457
1358640   299.0733671
1360080   297.0054625
1361520   294.2012355
1362960   294.6791458
1364400   294.93999
1365840   290.9677404
1367280   289.3345761
1368720   284.7494338
1370160   277.99059
1371600   283.0585068
1373040   283.8252306
1374480   284.6995755
1375920   288.4292218
1377360   276.7106902
1378800   261.3956705
1380240   259.6409005
1381680   274.1490665
1383120   276.6261742
1384560   277.2889252
1386000   272.941522
1387440   238.2395165
1388880   191.6560277
1390320   267.8565804
1391760   256.4493594
1393200   273.6979094
1394640   271.8385585
1396080   268.4396797
1397520   264.5349212
1398960   255.8388989
1400400   215.4949977
1401840   260.7760896
1403280   259.0657057
1404720   251.8587449
1406160   249.4503444
1407600   251.7371392
1409040   214.3439999
1410480   248.330356
1411920   243.6904912
1413360   237.3323381
1414800   224.2098689
1416240   237.8819958
1417680   231.7743504
1419120   235.9794749
1420560   235.7022139
1422000   231.9075086
1423440   231.9695275
1424880   232.1184945
1426320   231.2775912
1427760   228.0404479
1429200   222.7864744
1430640   220.7915332
1432080   208.0873875
1433520   222.1383161
1434960   206.6542646
1436400   191.9521376
1437840   205.2557992
1439280   180.5607253
1440720   158.0320565
1442160   142.4853781
1443600   148.1959809
1445040   141.6998054
1446480   134.3232047
1447920   158.6996717
1449360   178.0617285
1450800   192.7194694
1452240   194.5174094
1453680   173.7118932
1455120   176.3866102
1456560   190.0046226
1458000   185.9375205
1459440   149.3390743
1460880   167.4607531
1462320   182.522833
1463760   179.2996743
1465200   176.5909078
1466640   173.5057716
1468080   170.2741006
1469520   170.0819636
1470960   161.7276532
1472400   168.6883625
1473840   163.562683
1475280   161.6145599
1476720   162.7831906
1478160   141.2565527
1479600   149.1998358
1481040   104.1789801
1482480   99.54154739
1483920   153.3161882
1485360   124.5424596
1486800   148.3431238
1488240   95.98579724
1489680   96.23934509
1491120   88.21397807
1492560   141.3362044
1494000   131.676457
1495440   92.09684751
1496880   120.7994367
1498320   103.4165125
1499760   107.6131246
1501200   76.27412415
1502640   126.4060667
1504080   105.5318433
1505520   110.2696007
1506960   102.5731771
1508400   42.8970125
1509840   112.501065
1511280   79.89493334
1512720   90.58164071
1514160   88.91260272
1515600   79.54896518
1517040   84.15964462
1518480   115.4840524
1519920   121.9285455
1521360   118.1624175
1522800   116.6885566
1524240   106.2584373
1525680   92.51152289
1527120   106.3842991
1528560   88.88828158
1530000   88.46083761
1531440   112.1775939
1532880   103.8251076
1534320   79.89432531
1535760   87.98171122
1537200   98.96878463
1538640   90.85829364
1540080   95.36317614
1541520   104.9335433
1542960   107.9250431
1544400   107.2847892
1545840   98.83319429
1547280   103.7983543
1548720   104.8095056
1550160   100.2310516
1551600   102.8042279
1553040   95.98518921
1554480   101.801589
1555920   83.37103177
1557360   87.45029439
1558800   79.20299701
1560240   95.33095064
1561680   51.03912096
1563120   22.36875725
1564560   17.57931745
1566000   45.71887236
1567440   101.2038971
1568880   102.5026458
1570320   98.98337731
1571760   97.94425675
1573200   57.84356692
1574640   91.70527722
1576080   104.1017605
1577520   107.4161234
1578960   107.0750194
1580400   103.6901252
1581840   101.1218132
1583280   45.9316823
1584720   103.5697356
1586160   106.4943523
1587600   67.80854457
1589040   85.90772631
1590480   50.58917994
1591920   45.46410845
1593360   78.37425428
1594800   110.4915311
1596240   79.22488603
1597680   72.9688817
1599120   72.24411183
1600560   103.1793814
1602000   111.1141522
1603440   120.6814792
1604880   123.7422942
1606320   89.59541863
1607760   102.2703789
1609200   110.6575228
1610640   78.83817996
1612080   120.1877602
1613520   99.32508928
1614960   127.6275958
1616400   131.0514038
1617840   134.0234467
1619280   136.4440078
1620720   137.0240669
1622160   137.2429571
1623600   140.621771
1625040   72.83997968
1626480   80.44519905
1627920   79.36290848
1629360   98.58755081
1630800   146.6473326
1632240   97.62382578
1633680   151.921979
1635120   94.93694823
1636560   43.70629831
1638000   145.6641506
1639440   155.1658106
1640880   142.1321136
1642320   159.9418738
1643760   66.20699773
1645200   103.5095408
1646640   155.7039158
1648080   133.2713155
1649520   61.39445285
1650960   56.68162463
1652400   116.1340347
1653840   154.6581069
1655280   137.9567825
1656720   140.8649824
1658160   86.67080197
1659600   145.3169664
1661040   161.1317854
1662480   181.0027619
1663920   182.994055
1665360   134.0745211
1666800   173.0248211
1668240   157.4945594
1669680   158.1354214
1671120   181.3712271
1672560   200.6980182
1674000   197.9144642
1675440   171.8750394
1676880   210.0002449
1678320   207.1662245
1679760   197.5271501
1681200   182.0570832
1682640   209.8227006
1684080   221.8336939
1685520   190.4059213
1686960   176.5440896
1688400   119.5821639
1689840   206.535699
1691280   213.982223
1692720   206.7296601
1694160   204.5729833
1695600   195.534641
1697040   216.8436047
1698480   137.9342854
1699920   217.3902222
1701360   212.0109949
1702800   157.9201793
1704240   242.5820554
1705680   246.5622094
1707120   136.4391435
1708560   246.5883546
1710000   254.9274643
1711440   254.7274229
1712880   256.3532909
1714320   253.4213779
1715760   193.8546585
1717200   248.052487
1718640   259.0462487
1720080   263.373587
1721520   259.7065676
1722960   181.774958
1724400   259.4189702
1725840   268.9029973
1727280   267.4346087
1728720   200.8348246
1730160   166.6636279
1731600   267.0910727
1733040   240.711152
1734480   275.0550288
1735920   253.0614251
1737360   235.5945929
1738800   284.4253547
1740240   281.307993
1741680   284.495886
1743120   284.8546227
1744560   279.446818
1746000   281.6527451
1747440   285.0345991
1748880   267.4893313
1750320   241.096034
1751760   269.5055535
1753200   279.7824497
1754640   257.338905
1756080   257.939029
1757520   251.1893056
1758960   195.8818252
1760400   208.5847548
1761840   266.6885579
1763280   266.2945554
1764720   253.9418502
1766160   236.9304313
1767600   271.4336116
1769040   272.9968526
1770480   295.1223985
1771920   282.0589081
1773360   232.4468298
1774800   238.5046169
1776240   240.9987494
1777680   288.8323446
1779120   240.6436608
1780560   292.9626816
1782000   301.4987925
1783440   281.4320308
1784880   239.7164175
1786320   261.6638111
1787760   265.0183038
1789200   264.2284749
1790640   304.3522698
1792080   312.2049568
1793520   306.560629
1794960   307.1996669
1796400   318.1478265
1797840   307.009962
1799280   299.0970802
1800720   288.2054673
1802160   304.464147
1803600   308.9897025
1805040   315.1380858
1806480   310.455051
1807920   317.6978854
1809360   285.223696
1810800   316.9968287
1812240   320.1427677
1813680   311.8827017
1815120   280.5230283
1816560   305.5883916
1818000   248.7170621
1819440   247.5466074
1820880   267.3616453
1822320   261.5592302
1823760   288.8548416
1825200   280.7583353
1826640   289.2427638
1828080   290.4338914
1829520   253.2359292
1830960   209.4955813
1832400   182.2972544
1833840   220.0479144
1835280   266.6800455
1836720   302.2186981
1838160   312.0292365
1839600   295.0105213
1841040   308.5488819
1842480   311.2673769
1843920   314.713682
1845360   314.4273006
1846800   311.5282211
1848240   301.7906461
1849680   269.0835818
1851120   238.8256559
1852560   261.0770636
1854000   289.0396823
1855440   307.330393
1856880   303.4754928
1858320   295.9371566
1859760   290.4521323
1861200   305.1378425
1862640   303.735121
1864080   277.4926147
1865520   259.7661544
1866960   280.6251771
1868400   299.7999611
1869840   300.9248137
1871280   298.3917673
1872720   236.7772082
1874160   264.7805647
1875600   252.7215372
1877040   260.6915736
1878480   279.7532643
1879920   251.3090872
1881360   263.096326
1882800   265.6737584
1884240   260.9019515
1885680   264.636462
1887120   274.6063038
1888560   277.5163278
1890000   287.664322
1891440   282.2759742
1892880   282.3331289
1894320   288.4419904
1895760   282.1580167
1897200   281.1724027
1898640   278.0270717
1900080   283.9358918
1901520   283.5826273
1902960   283.7771964
1904400   264.8437997
1905840   237.4952897
1907280   248.2087503
1908720   258.9130905
1910160   271.4366517
1911600   273.2418881
1913040   272.0027262
1914480   268.8196974
1915920   268.4111024
1917360   253.2888277
1918800   231.9628392
1920240   226.651103
1921680   223.356197
1923120   147.0559276
1924560   251.5930365
1926000   257.5231376
1927440   256.6585212
1928880   255.500227
1930320   255.9428717
1931760   252.7318737
1933200   254.0756165
1934640   242.5206445
1936080   230.2542794
1937520   235.7751773
1938960   210.9451211
1940400   215.4785809
1941840   237.0331881
1943280   218.8154408
1944720   187.1061511
1946160   186.4221192
1947600   197.4785078
1949040   196.1317249
1950480   218.3642838
1951920   209.5217266
1953360   222.6192666
1954800   224.0013152
1956240   222.6904059
1957680   207.0373225
1959120   216.4544665
1960560   217.9167748
1962000   217.2521998
1963440   186.4172549
1964880   167.9818335
1966320   54.86240362
1967760   40.76891306
1969200   35.54534097
1970640   96.2247524
1972080   136.7887599
1973520   197.8056271
1974960   126.604892
1976400   181.9780395
1977840   114.6139637
1979280   190.2897879
1980720   183.9310268
1982160   176.4869349
1983600   150.6007333
1985040   170.5343368
1986480   165.3977127
1987920   118.3600267
1989360   117.2929369
1990800   96.9416179
1992240   123.7033804
1993680   155.0594056
1995120   146.3968249
1996560   134.7549048
1998000   153.6889096
1999440   157.5304331
2000880   129.407903
2002320   115.154501
2003760   49.21564376
2005200   151.4987913
2006640   156.1112948
2008080   157.1078534
2009520   152.6175635
2010960   138.1574318
2012400   137.3086242
2013840   101.9323151
2015280   132.2814453
2016720   128.5773362
2018160   142.6246166
2019600   135.1446511
2021040   135.6973489
2022480   121.7236399
2023920   128.7299513
2025360   100.1209985
2026800   74.21716403
2028240   90.48374814
2029680   124.7510134
2031120   119.864289
2032560   102.1980235
2034000   99.89846007
2035440   97.95884943
2036880   112.331425
2038320   48.9511514
2039760   18.42447694
2041200   27.47011563
2042640   92.61367166
2044080   65.03958318
2045520   107.8028294
2046960   106.1538564
2048400   102.4199539
2049840   107.4063949
2051280   62.84095244
2052720   77.80149152
2054160   67.26739928
2055600   91.85606826
2057040   21.17337339
2058480   49.17733797
2059920   82.26746021
2061360   57.91349019
2062800   92.72676495
2064240   100.4237966
2065680   89.72188854
2067120   84.5913448
2068560   99.99027236
2070000   101.4148829
2071440   101.1777518
2072880   87.23748445
2074320   55.1658098
2075760   101.9201545
2077200   23.21270069
2078640   79.81892979
2080080   74.69507436
2081520   71.3338933
2082960   94.05105083
2084400   52.93434552
2085840   57.05373801
2087280   92.3169538
2088720   76.24493878
2090160   102.5385194
2091600   100.7399714
2093040   95.20448073
2094480   15.16909282
2095920   87.93367698
2097360   101.4319077
2098800   99.24118136
2100240   103.5320379
2101680   51.12363691
2103120   34.8911024
2104560   64.83224549
2106000   99.30563237
2107440   68.14417625
2108880   23.69790736
2110320   109.5338863
2111760   106.6481835
2113200   89.2160089
2114640   114.1670628
2116080   104.1151371
2117520   111.4430955
2118960   88.53197693
2120400   86.65499323
2121840   116.0884326
2123280   119.9646137
2124720   118.2907115
2126160   121.1077071
2127600   89.88484015
2129040   86.54798023
2130480   111.6175997
2131920   105.6431125
2133360   86.89942065
2134800   122.5548148
2136240   90.16939745
2137680   107.1461587
2139120   114.0314725
2140560   79.00903595
2142000   122.7803933
2143440   56.95219727
2144880   106.7290512
2146320   111.004099
2147760   135.0704716
2149200   119.0775003
2150640   134.4606191
2152080   125.278174
2153520   144.1775211
2154960   121.8993601
2156400   129.0795676
2157840   137.4630634
2159280   75.07266001
2160720   120.3501037
2162160   137.8333527
2163600   100.7120021
2165040   80.59112587
2166480   95.96208413
2167920   122.388823
2169360   132.5812033
2170800   134.1535647
2172240   104.6581065
2173680   163.5857881
2175120   172.8953111
2176560   172.5013087
2178000   56.69439322
2179440   62.66158406
2180880   142.5595575
2182320   156.5952854
2183760   137.5074495
2185200   76.40606631
2186640   126.7885166
2188080   180.6695624
2189520   183.957172
2190960   189.1211573
2192400   126.5027432
2193840   135.8244268
2195280   146.1250362
2196720   94.07841211
2198160   127.074898
2199600   127.6050987
2201040   129.5191722
2202480   118.0189228
2203920   195.2318428
2205360   70.54649651
2206800   208.8595836
2208240   205.0174521
2209680   143.8625624
2211120   162.0395718
2212560   199.8291456
2214000   219.7098506
2215440   177.002543
2216880   237.3785483
2218320   189.8155257
2219760   152.3244938
2221200   144.3836428
2222640   45.05551336
2224080   86.29078421
2225520   193.6807623
2226960   209.5077419
2228400   118.1776182
2229840   242.4142396
2231280   199.3737324
2232720   248.3783903
2234160   224.9151819
2235600   252.3275348
2237040   220.8687528
2238480   181.5080335
2239920   222.6818935
2241360   226.8061502
2242800   150.1757214
2244240   192.4993631
2245680   265.1891598
2247120   271.571026
2248560   269.2355889
2250000   272.2514098
2251440   260.8180435
2252880   228.7147514
2254320   270.4121239
2255760   272.8272127
2257200   254.3619979
2258640   223.2777614
2260080   158.2436504
2261520   209.0681374
2262960   266.5493194
2264400   268.0517576
2265840   233.2105135
2267280   243.986601
2268720   240.6600776
2270160   278.4496514
2271600   274.2560795
2273040   257.7687811
2274480   265.3150217
2275920   283.2646284
2277360   269.2659903
2278800   280.837987
2280240   284.5998588
2281680   282.5118893
2283120   285.8907031
2284560   280.0487662
2286000   271.2584994
2287440   266.926297
2288880   285.4279935
2290320   230.1746276
2291760   198.7261821
2293200   289.0451545
2294640   299.0478299
2296080   301.1503922
2297520   289.2312112
2298960   302.3944183
2300400   302.129926
2301840   297.9612832
2303280   276.1835295
2304720   288.0595405
2306160   223.3884225
2307600   305.5032676
2309040   307.7961427
2310480   306.7661426
2311920   289.5224568
2313360   251.8283435
2314800   222.799243
2316240   212.0869984
2317680   263.652064
2319120   301.8082789
2320560   287.9288144
2322000   293.9294468
2323440   301.6951857
2324880   270.1020294
2326320   285.1069545
2327760   267.8590126
2329200   238.7526925
2330640   259.1338048
2332080   282.1732174
2333520   289.5437378
2334960   275.46484
2336400   282.0692446
2337840   317.9648099
2339280   312.9868813
2340720   317.9404888
2342160   318.7552468
2343600   312.3764208
2345040   251.6240459
2346480   253.3557108
2347920   295.4166843
2349360   268.3490835
2350800   227.6768469
2352240   316.0118226
2353680   318.0712149
2355120   297.7472572
2356560   237.759174
2358000   264.5914679
2359440   283.0147288
2360880   294.2310289
2362320   288.8438971
2363760   276.986127
2365200   314.8796737
2366640   298.2963068
2368080   266.6107302
2369520   309.321686
2370960   314.3257599
2372400   314.8164388
2373840   318.5989835
2375280   317.8401641
2376720   303.8038282
2378160   286.6975568
2379600   314.5312735
2381040   311.7167099
2382480   308.5348973
2383920   296.0241047
2385360   308.1001569
2386800   313.0197148
2388240   318.0584463
2389680   313.921421
2391120   317.2278795
2392560   313.8594021
2394000   305.2229665
2395440   306.8141769
2396880   302.9197549
2398320   271.3673365
2399760   278.5201827
2401200   286.1764765
2402640   295.7705568
2404080   297.4772926
2405520   297.0820741
2406960   284.4569721
2408400   290.6053554
2409840   288.455975
2411280   289.8015419
2412720   282.399404
2414160   281.9269659
2415600   275.0963747
2417040   252.8595597
2418480   263.8600097
2419920   233.8574557
2421360   261.8012255
2422800   263.4289175
2424240   248.672676
2425680   263.802247
2427120   241.3574862
2428560   243.5621972
2430000   255.0533262
2431440   270.1737767
2432880   277.2335946
2434320   273.6930452
2435760   273.5422541
2437200   224.7619587
2438640   235.8791502
2440080   221.2670114
2441520   252.1426942
2442960   265.8482626
2444400   266.3121883
2445840   267.8748213
2447280   269.8454414
2448720   268.4567045
2450160   261.4412727
2451600   258.9860539
2453040   257.0853571
2454480   254.3455811
2455920   225.0477321
2457360   249.3895415
2458800   248.2348956
2460240   239.8282947
2461680   223.7380389
2463120   204.8356516
2464560   209.9242414
2466000   224.5193554
2467440   234.97562
2468880   214.2193541
2470320   188.9126035
2471760   231.1438249
2473200   230.7996808
2474640   229.3282521
2476080   231.146257
2477520   228.7944031
2478960   226.0175374
2480400   213.5274177
2481840   115.7613133
2483280   106.3216722
2484720   155.7756631
2486160   193.5007859
2487600   202.4947422
2489040   65.92730466
2490480   172.5833925
2491920   169.4131324
2493360   145.8410869
2494800   165.1563254
2496240   169.663032
2497680   144.3350005
2499120   143.1931231
2500560   191.4079521
2502000   173.5112439
2503440   178.8515574
2504880   174.2104765
2506320   150.2602374
2507760   146.4527635
2509200   133.4944619
2510640   124.5594844
2512080   171.2609307
2513520   171.5868339
2514960   148.0500541
2516400   173.8414033
2517840   127.4445792
2519280   163.6763843
2520720   119.3578014
2522160   120.5452809
2523600   89.16371845
2525040   78.05503937
2526480   87.92090838
2527920   23.0673819
2529360   53.4560339
2530800   145.8739204
2532240   156.0906218
2533680   153.5970973
2535120   109.2365604
2536560   95.36682431
2538000   101.2853729
2539440   67.15491402
2540880   73.04245314
2542320   132.7514512
2543760   135.6857963
2545200   144.2249474
2546640   143.38222
2548080   140.0514403
2549520   135.0984409
2550960   134.4387301
2552400   134.8497573
2553840   132.274757
2555280   129.1184815
2556720   126.6164446
2558160   124.934638
2559600   125.1456238
2561040   101.116949
2562480   120.5221758
2563920   119.5681792
2565360   115.7175353
2566800   115.6567324
2568240   113.7140816
2569680   112.3186564
2571120   109.0644884
2572560   99.60660643
2574000   80.4184458
2575440   79.30940198
2576880   97.65361917
2578320   65.01891021
2579760   96.61753876
2581200   101.5887791
2582640   111.0095713
2584080   107.6356216
2585520   106.0152259
2586960   96.43026601
2588400   82.72773771
2589840   82.64018162
2591280   105.7531656
2592720   104.4288798
2594160   104.8204501
2595600   76.71008052
2597040   63.31460657
2598480   37.92759629
2599920   53.46758644
2601360   104.6295291
2602800   100.1495758
2604240   62.42141284
2605680   61.87297121
2607120   55.01684283
2608560   72.52258885
2610000   104.2464712
2611440   101.3036137
2612880   102.4631239
2614320   103.9017191
2615760   103.3526695
2617200   103.5253495
2618640   103.2602492
2620080   97.63355423
2621520   98.76205497
2622960   92.66961028
2624400   104.5389329
2625840   48.58876646
2627280   51.0804669
2628720   93.59746164
2630160   42.32911396
2631600   53.1222263
2633040   74.45976737
2634480   85.15741925
2635920   95.70488811
2637360   106.1179827
2638800   110.8344591
2640240   107.9317314
2641680   41.21763802
2643120   113.4678301
2644560   113.6520627
2646000   106.2432365
2647440   120.0102159
2648880   117.4996665
2650320   50.98743855
2651760   91.8396515
2653200   75.00881702
2654640   99.01621084
2656080   38.11608509
2657520   110.533485
2658960   102.4734604
2660400   102.2995643
2661840   83.8167166
2663280   99.19861937
2664720   99.79387918
2666160   121.5211665
2667600   129.9064863
2669040   129.858452
2670480   131.6874015
2671920   127.4974777
2673360   134.9896038
2674800   137.7360682
2676240   141.6724441
2677680   102.0004143
2679120   92.28594435
2680560   125.0726604
2682000   143.3773558
2683440   114.2546189
2684880   143.9288375
2686320   87.30011137
2687760   151.5553379
2689200   98.22516588
2690640   115.5655282
2692080   129.4376964
2693520   157.0342819
2694960   157.8119503
2696400   98.62768069
2697840   107.7614835
2699280   164.9125061
2700720   163.9530372
2702160   162.9607349
2703600   171.6749981
2705040   167.9678488
2706480   87.4654951
2707920   177.6999516
2709360   170.3592246
2710800   184.7251119
2712240   174.20014
2713680   149.6899067
2715120   185.7812572
2716560   189.3424796
2718000   188.7964701
2719440   160.1042174
2720880   203.3429418
2722320   195.0609868
2723760   199.9391988
2725200   124.12292
2726640   133.111404
2728080   200.0425636
2729520   193.5074742
2730960   85.54108518
2732400   135.9369121
2733840   37.32260802
2735280   160.6696838
2736720   121.8428135
2738160   144.5277455
2739600   142.8830287
2741040   206.8658585
2742480   217.0989766
2743920   229.604297
2745360   230.3989901
2746800   161.3293946
2748240   197.1507805
2749680   200.0273629
2751120   221.9388828
2752560   201.9396123
2754000   234.4058974
2755440   235.9685304
2756880   244.7533249
2758320   245.5668669
2759760   216.871574
2761200   240.6315003
2762640   203.0790575
2764080   253.7387687
2765520   255.0204926
2766960   258.5190881
2768400   227.61422
2769840   259.2596667
2771280   226.9855186
2772720   226.4711266
2774160   235.8238196
2775600   265.9887172
2777040   267.5604706
2778480   268.3849571
2779920   276.6888012
2781360   278.8004838
2782800   270.3762502
2784240   281.8418419
2785680   280.6148406
2787120   275.4423429
2788560   273.3738303
2790000   285.9892037
2791440   267.5999924
2792880   265.1982802
2794320   256.4791528
2795760   288.9065241
2797200   291.4316661
2798640   281.5931583
2800080   232.6888251
2801520   279.5653836
2802960   273.1154182
2804400   188.2668774
2805840   225.9299813
2807280   219.1723535
2808720   229.7854894
2810160   248.6568673
2811600   294.5988861
2813040   258.9386277
2814480   283.5047997
2815920   293.9148541
2817360   274.951056
2818800   280.2840732
2820240   301.6982258
2821680   259.7777069
2823120   267.1944375
2824560   303.3131493
2826000   287.6193279
2827440   253.2687628
2828880   231.5572842
2830320   216.9834512
2831760   240.1481177
2833200   229.2218471
2834640   309.8731678
2836080   305.2478957
2837520   305.9799619
2838960   301.7681491
2840400   300.2997604
2841840   304.376591
2843280   282.9837193
2844720   307.4629432
2846160   317.3987355
2847600   314.1664564
2849040   306.559413
2850480   323.9301767
2851920   312.2712319
2853360   300.5849258
2854800   313.8673064
2856240   275.7627739
2857680   262.2493424
2859120   301.7596367
2860560   267.8723892
2862000   318.502307
2863440   315.6360611
2864880   208.483214
2866320   275.6436003
2867760   321.3715931
2869200   322.182095
2870640   320.6304065
2872080   316.8813033
2873520   311.3847264
2874960   321.8111976
2876400   320.1397275
2877840   320.7088421
2879280   317.3476611
2880720   309.7193366
2882160   292.0822565
2883600   203.8846952
2885040   289.4415891
2886480   284.4715648
2887920   266.0811375
2889360   298.7663128
2890800   295.9833668
2892240   300.3818443
2893680   290.5621854
2895120   304.4878602
2896560   282.0923497
2898000   287.8613232
2899440   279.0552477
2900880   311.5409897
2902320   313.5760608
2903760   311.5525423
2905200   311.2710251
2906640   313.365683
2908080   312.4761374
2909520   307.8934273
2910960   300.547228
2912400   315.4530445
2913840   313.451415
2915280   307.5936693
2916720   258.1117091
2918160   295.4489098
2919600   291.023679
2921040   305.4065911
2922480   305.6266974
2923920   302.7987572
2925360   296.2119854
2926800   301.3546897
2928240   297.7393528
2929680   299.5208761
2931120   292.9219437
2932560   293.5123393
2934000   299.1372101
2935440   298.8629893
2936880   285.952722
2938320   262.2900803
2939760   268.5491248
2941200   289.3801782
2942640   289.7212821
2944080   288.7356681
2945520   252.1208051
2946960   239.9760456
2948400   255.4479366
2949840   280.3558205
2951280   272.4094972
2952720   243.9166778
2954160   282.3416413
2955600   285.9642746
2957040   284.711128
2958480   282.8450888
2959920   277.135702
2961360   264.6917926
2962800   258.6115084
2964240   248.7693525
2965680   259.5934743
2967120   248.3710939
2968560   230.225094
2970000   198.4106154
2971440   249.3597481
2972880   250.8323929
2974320   215.7600981
2975760   251.4033316
2977200   233.6160684
2978640   218.0104112
2980080   249.8954211
2981520   219.8600336
2982960   239.3218071
2984400   247.8682544
2985840   250.684034
2987280   177.9796447
2988720   198.6775398
2990160   204.4902915
2991600   218.9169816
2993040   210.7675768
2994480   200.0334432
2995920   201.7790928
2997360   212.164218
2998800   228.5688246
3000240   221.6841189
3001680   222.9530742
3003120   221.1593904
3004560   213.7225949
3006000   189.9523321
3007440   207.2051383
3008880   182.4079156
3010320   149.4527756
3011760   163.8296075
3013200   199.9987856
3014640   178.4453944
3016080   180.0864631
3017520   177.003151
3018960   204.0494709
3020400   204.8307874
3021840   207.5267853
3023280   203.345982
3024720   168.5460838
3026160   186.5881109
3027600   188.5538668
3029040   174.3776843
3030480   134.7992909
3031920   172.01671
3033360   186.077367
3034800   170.2047854
3036240   136.6811389
3037680   110.4586975
3039120   170.3087582
3040560   180.6324726
3042000   175.1395439
3043440   169.6715444
3044880   166.9311604
3046320   125.3073594
3047760   87.59318107
3049200   127.0147032
3050640   119.5061603
3052080   69.7116735
3053520   91.43044837
3054960   113.6399022
3056400   135.9721777
3057840   151.7529471
3059280   151.9049542
3060720   90.44240221
3062160   37.2709256
3063600   79.71617299
3065040   95.36925643
3066480   33.93649779
3067920   136.2123489
3069360   143.296488
3070800   139.6057555
3072240   105.4151019
3073680   111.2509586
3075120   131.3456895
3076560   100.5308096
3078000   122.7767451
3079440   106.5758281
3080880   117.7726713
3082320   127.2907481
3083760   105.568325
3085200   126.8359428
3086640   87.72755535
3088080   57.70128827
3089520   42.41910217
3090960   85.76787977
3092400   119.8928664
3093840   99.49290512
3095280   116.2830017
3096720   108.2406099
3098160   106.7515483
3099600   91.43835274
3101040   101.6897118
3102480   89.96874807
3103920   76.33614305
3105360   71.81241166
3106800   89.28167597
3108240   38.66695883
3109680   35.55871759
3111120   100.7460517
3112560   109.185486
3114000   90.4101767
3115440   47.5216766
3116880   80.77900665
3118320   96.5050535
3119760   49.49351274
3121200   82.14767861
3122640   107.1382544
3124080   103.1435077
3125520   103.57764
3126960   100.7813173
3128400   99.32144111
3129840   96.76954586
3131280   102.7172798
3132720   55.57562095
3134160   52.86503028
3135600   98.48357795
3137040   104.8733485
3138480   77.76440179
3139920   88.34531221
3141360   79.22306195
3142800   56.70533773
3144240   63.11638931
3145680   105.5026579
3147120   103.2201193
3148560   98.67145873
3150000   49.83157654
3151440   68.73457184
3152880   90.0398874
3154320   73.34829143
3155760   81.76826888
3157200   107.9469322
3158640   108.9854447
3160080   104.2932894
3161520   90.54515901
3162960   100.3611697
3164400   64.37379207
3165840   102.8261169
3167280   103.1210107
3168720   94.09178873
3170160   81.61078952
3171600   120.1068924
3173040   116.331644
3174480   103.7235668
3175920   92.33641071
3177360   88.64871839
3178800   106.8220796
3180240   85.04797413
3181680   116.8417798
3183120   86.57473348
3184560   93.84796934
3186000   105.0046827
3187440   51.14795805
3188880   27.59111328
3190320   92.52368346
3191760   78.38276668
3193200   78.75244796
3194640   132.9539247
3196080   63.38939407
3197520   104.7164772
3198960   72.78100092
3200400   125.9688943
3201840   117.1330254
3203280   125.4350453
3204720   135.7362627
3206160   79.30636184
3207600   128.6442193
3209040   68.63242307
3210480   65.48587603
3211920   87.10797439
3213360   71.14783661
3214800   55.68749817
3216240   80.8142723
3217680   76.14704621
3219120   135.5575023
3220560   164.5537693
3222000   162.7418446
3223440   167.5525654
3224880   166.858805
3226320   136.6166878
3227760   163.7171222
3229200   101.9919019
3230640   172.1638529
3232080   177.5728736
3233520   180.191044
3234960   174.6598095
3236400   90.98050735
3237840   111.2108287
3239280   179.6267936
3240720   168.0280436
3242160   194.9436374
3243600   194.2365003
3245040   196.4266187
3246480   198.6039684
3247920   195.9170908
3249360   125.5250336
3250800   160.6015846
3252240   82.83839888
3253680   152.4284667
3255120   62.80447074
3256560   150.2103791
3258000   195.0561226
3259440   186.954752
3260880   178.4727557
3262320   197.1592929
3263760   222.0325192
3265200   224.5509728
3266640   211.3208826
3268080   225.0665809
3269520   223.5951522
3270960   185.8159148
3272400   238.9861754
3273840   242.4713942
3275280   243.8084487
3276720   221.0548095
3278160   152.4059696
3279600   238.1531765
3281040   237.4253664
3282480   212.1283444
3283920   246.0277524
3285360   251.8082785
3286800   258.1038047
3288240   203.9923162
3289680   174.4184222
3291120   196.9957332
3292560   231.4904011
3294000   226.9903828
3295440   261.0709834
3296880   259.5527364
3298320   263.9141242
3299760   263.2981914
3301200   270.6972892
3302640   269.9457661
3304080   255.5835269
3305520   265.6026191
3306960   267.396911
3308400   224.9656482
3309840   264.3324478
3311280   264.9270996
3312720   231.1049111
3314160   147.8646054
3315600   115.7315199
3317040   284.3615117
3318480   279.6298346
3319920   279.3629101
3321360   287.8740918
3322800   288.9399656
3324240   288.241949
3325680   259.9637636
3327120   265.1836875
3328560   285.8305083
3330000   290.5117191
3331440   287.8442984
3332880   285.7313997
3334320   272.7086472
3335760   290.8832244
3337200   276.4571423
3338640   272.2477616
3340080   298.6167378
3341520   279.103282
3342960   290.638189
3344400   264.0533627
3345840   255.6151444
3347280   293.8680359
3348720   290.6199481
3350160   187.402869
3351600   99.68686618
3353040   111.1427295
3354480   312.0730146
3355920   304.5833206
3357360   277.2950055
3358800   301.5474348
3360240   300.3465786
3361680   286.1734364
3363120   270.4285406
3364560   262.0839587
3366000   228.3918883
3367440   147.620786
3368880   227.6123959
3370320   298.4094001
3371760   310.86243
3373200   310.7213674
3374640   307.5377307
3376080   268.1064801
3377520   285.8378047
3378960   310.1479966
3380400   309.834254
3381840   261.6583388
3383280   176.2090659
3384720   274.3868056
3386160   279.7702891
3387600   156.822688
3389040   307.1571049
3390480   318.608712
3391920   307.1552808
3393360   305.255192
3394800   279.830484
3396240   267.804898
3397680   94.0461866
3399120   240.455172
3400560   289.0366421
3402000   299.370693
3403440   313.4660077
3404880   320.4303651
3406320   319.956103
3407760   314.5093844
3409200   291.9904442
3410640   305.320251
3412080   315.8628557
3413520   316.3991367
3414960   321.3600406
3416400   319.0537888
3417840   322.3955129
3419280   326.4364698
3420720   261.0691593
3422160   319.422862
3423600   319.5183225
3425040   317.7884817
3426480   312.8135932
3427920   311.6030086
3429360   308.5853636
3430800   309.8251336
3432240   310.7262317
3433680   309.7217687
3435120   287.2630233
3436560   280.8568359
3438000   285.5836488
3439440   256.4128777
3440880   250.7345004
3442320   291.4128172
3443760   308.6893365
3445200   309.0128076
3446640   311.3275718
3448080   303.2632909
3449520   303.9600915
3450960   284.2763877
3452400   302.9696132
3453840   269.5031214
3455280   293.0228764
3456720   297.7357046
3458160   296.759819
3459600   299.8139457
3461040   299.0733671
3462480   297.0054625
3463920   294.2012355
3465360   294.6791458
3466800   294.93999
3468240   290.9677404
3469680   289.3345761
3471120   284.7494338
3472560   277.99059
3474000   283.0585068
3475440   283.8252306
3476880   284.6995755
3478320   288.4292218
3479760   276.7106902
3481200   261.3956705
3482640   259.6409005
3484080   274.1490665
3485520   276.6261742
3486960   277.2889252
3488400   272.941522
3489840   238.2395165
3491280   191.6560277
3492720   267.8565804
3494160   256.4493594
3495600   273.6979094
3497040   271.8385585
3498480   268.4396797
3499920   264.5349212
3501360   255.8388989
3502800   215.4949977
3504240   260.7760896
3505680   259.0657057
3507120   251.8587449
3508560   249.4503444
3510000   251.7371392
3511440   214.3439999
3512880   248.330356
3514320   243.6904912
3515760   237.3323381
3517200   224.2098689
3518640   237.8819958
3520080   231.7743504
3521520   235.9794749
3522960   235.7022139
3524400   231.9075086
3525840   231.9695275
3527280   232.1184945
3528720   231.2775912
3530160   228.0404479
3531600   222.7864744
3533040   220.7915332
3534480   208.0873875
3535920   222.1383161
3537360   206.6542646
3538800   191.9521376
3540240   205.2557992
3541680   180.5607253
3543120   158.0320565
3544560   142.4853781
3546000   148.1959809
3547440   141.6998054
3548880   134.3232047
3550320   158.6996717
3551760   178.0617285
3553200   192.7194694
3554640   194.5174094
3556080   173.7118932
3557520   176.3866102
3558960   190.0046226
3560400   185.9375205
3561840   149.3390743
3563280   167.4607531
3564720   182.522833
3566160   179.2996743
3567600   176.5909078
3569040   173.5057716
3570480   170.2741006
3571920   170.0819636
3573360   161.7276532
3574800   168.6883625
3576240   163.562683
3577680   161.6145599
3579120   162.7831906
3580560   141.2565527
3582000   149.1998358
3583440   104.1789801
3584880   99.54154739
3586320   153.3161882
3587760   124.5424596
3589200   148.3431238
3590640   95.98579724
3592080   96.23934509
3593520   88.21397807
3594960   141.3362044
3596400   131.676457
3597840   92.09684751
3599280   120.7994367
3600720   103.4165125
3602160   107.6131246
3603600   76.27412415
3605040   126.4060667
3606480   105.5318433
3607920   110.2696007
3609360   102.5731771
3610800   42.8970125
3612240   112.501065
3613680   79.89493334
3615120   90.58164071
3616560   88.91260272
3618000   79.54896518
3619440   84.15964462
3620880   115.4840524
3622320   121.9285455
3623760   118.1624175
3625200   116.6885566
3626640   106.2584373
3628080   92.51152289
3629520   106.3842991
3630960   88.88828158
3632400   88.46083761
3633840   112.1775939
3635280   103.8251076
3636720   79.89432531
3638160   87.98171122
3639600   98.96878463
3641040   90.85829364
3642480   95.36317614
3643920   104.9335433
3645360   107.9250431
3646800   107.2847892
3648240   98.83319429
3649680   103.7983543
3651120   104.8095056
3652560   100.2310516
3654000   102.8042279
3655440   95.98518921
3656880   101.801589
3658320   83.37103177
3659760   87.45029439
3661200   79.20299701
3662640   95.33095064
3664080   51.03912096
3665520   22.36875725
3666960   17.57931745
3668400   45.71887236
3669840   101.2038971
3671280   102.5026458
3672720   98.98337731
3674160   97.94425675
3675600   57.84356692
3677040   91.70527722
3678480   104.1017605
3679920   107.4161234
3681360   107.0750194
3682800   103.6901252
3684240   101.1218132
3685680   45.9316823
3687120   103.5697356
3688560   106.4943523
3690000   67.80854457
3691440   85.90772631
3692880   50.58917994
3694320   45.46410845
3695760   78.37425428
3697200   110.4915311
3698640   79.22488603
3700080   72.9688817
3701520   72.24411183
3702960   103.1793814
3704400   111.1141522
3705840   120.6814792
3707280   123.7422942
3708720   89.59541863
3710160   102.2703789
3711600   110.6575228
3713040   78.83817996
3714480   120.1877602
3715920   99.32508928
3717360   127.6275958
3718800   131.0514038
3720240   134.0234467
3721680   136.4440078
3723120   137.0240669
3724560   137.2429571
3726000   140.621771
3727440   72.83997968
3728880   80.44519905
3730320   79.36290848
3731760   98.58755081
3733200   146.6473326
3734640   97.62382578
3736080   151.921979
3737520   94.93694823
3738960   43.70629831
3740400   145.6641506
3741840   155.1658106
3743280   142.1321136
3744720   159.9418738
3746160   66.20699773
3747600   103.5095408
3749040   155.7039158
3750480   133.2713155
3751920   61.39445285
3753360   56.68162463
3754800   116.1340347
3756240   154.6581069
3757680   137.9567825
3759120   140.8649824
3760560   86.67080197
3762000   145.3169664
3763440   161.1317854
3764880   181.0027619
3766320   182.994055
3767760   134.0745211
3769200   173.0248211
3770640   157.4945594
3772080   158.1354214
3773520   181.3712271
3774960   200.6980182
3776400   197.9144642
3777840   171.8750394
3779280   210.0002449
3780720   207.1662245
3782160   197.5271501
3783600   182.0570832
3785040   209.8227006
3786480   221.8336939
3787920   190.4059213
3789360   176.5440896
3790800   119.5821639
3792240   206.535699
3793680   213.982223
3795120   206.7296601
3796560   204.5729833
3798000   195.534641
3799440   216.8436047
3800880   137.9342854
3802320   217.3902222
3803760   212.0109949
3805200   157.9201793
3806640   242.5820554
3808080   246.5622094
3809520   136.4391435
3810960   246.5883546
3812400   254.9274643
3813840   254.7274229
3815280   256.3532909
3816720   253.4213779
3818160   193.8546585
3819600   248.052487
3821040   259.0462487
3822480   263.373587
3823920   259.7065676
3825360   181.774958
3826800   259.4189702
3828240   268.9029973
3829680   267.4346087
3831120   200.8348246
3832560   166.6636279
3834000   267.0910727
3835440   240.711152
3836880   275.0550288
3838320   253.0614251
3839760   235.5945929
3841200   284.4253547
3842640   281.307993
3844080   284.495886
3845520   284.8546227
3846960   279.446818
3848400   281.6527451
3849840   285.0345991
3851280   267.4893313
3852720   241.096034
3854160   269.5055535
3855600   279.7824497
3857040   257.338905
3858480   257.939029
3859920   251.1893056
3861360   195.8818252
3862800   208.5847548
3864240   266.6885579
3865680   266.2945554
3867120   253.9418502
3868560   236.9304313
3870000   271.4336116
3871440   272.9968526
3872880   295.1223985
3874320   282.0589081
3875760   232.4468298
3877200   238.5046169
3878640   240.9987494
3880080   288.8323446
3881520   240.6436608
3882960   292.9626816
3884400   301.4987925
3885840   281.4320308
3887280   239.7164175
3888720   261.6638111
3890160   265.0183038
3891600   264.2284749
3893040   304.3522698
3894480   312.2049568
3895920   306.560629
3897360   307.1996669
3898800   318.1478265
3900240   307.009962
3901680   299.0970802
3903120   288.2054673
3904560   304.464147
3906000   308.9897025
3907440   315.1380858
3908880   310.455051
3910320   317.6978854
3911760   285.223696
3913200   316.9968287
3914640   320.1427677
3916080   311.8827017
3917520   280.5230283
3918960   305.5883916
3920400   248.7170621
3921840   247.5466074
3923280   267.3616453
3924720   261.5592302
3926160   288.8548416
3927600   280.7583353
3929040   289.2427638
3930480   290.4338914
3931920   253.2359292
3933360   209.4955813
3934800   182.2972544
3936240   220.0479144
3937680   266.6800455
3939120   302.2186981
3940560   312.0292365
3942000   295.0105213
3943440   308.5488819
3944880   311.2673769
3946320   314.713682
3947760   314.4273006
3949200   311.5282211
3950640   301.7906461
3952080   269.0835818
3953520   238.8256559
3954960   261.0770636
3956400   289.0396823
3957840   307.330393
3959280   303.4754928
3960720   295.9371566
3962160   290.4521323
3963600   305.1378425
3965040   303.735121
3966480   277.4926147
3967920   259.7661544
3969360   280.6251771
3970800   299.7999611
3972240   300.9248137
3973680   298.3917673
3975120   236.7772082
3976560   264.7805647
3978000   252.7215372
3979440   260.6915736
3980880   279.7532643
3982320   251.3090872
3983760   263.096326
3985200   265.6737584
3986640   260.9019515
3988080   264.636462
3989520   274.6063038
3990960   277.5163278
3992400   287.664322
3993840   282.2759742
3995280   282.3331289
3996720   288.4419904
3998160   282.1580167
3999600   281.1724027
4001040   278.0270717
4002480   283.9358918
4003920   283.5826273
4005360   283.7771964
4006800   264.8437997
4008240   237.4952897
4009680   248.2087503
4011120   258.9130905
4012560   271.4366517
4014000   273.2418881
4015440   272.0027262
4016880   268.8196974
4018320   268.4111024
4019760   253.2888277
4021200   231.9628392
4022640   226.651103
4024080   223.356197
4025520   147.0559276
4026960   251.5930365
4028400   257.5231376
4029840   256.6585212
4031280   255.500227
4032720   255.9428717
4034160   252.7318737
4035600   254.0756165
4037040   242.5206445
4038480   230.2542794
4039920   235.7751773
4041360   210.9451211
4042800   215.4785809
4044240   237.0331881
4045680   218.8154408
4047120   187.1061511
4048560   186.4221192
4050000   197.4785078
4051440   196.1317249
4052880   218.3642838
4054320   209.5217266
4055760   222.6192666
4057200   224.0013152
4058640   222.6904059
4060080   207.0373225
4061520   216.4544665
4062960   217.9167748
4064400   217.2521998
4065840   186.4172549
4067280   167.9818335
4068720   54.86240362
4070160   40.76891306
4071600   35.54534097
4073040   96.2247524
4074480   136.7887599
4075920   197.8056271
4077360   126.604892
4078800   181.9780395
4080240   114.6139637
4081680   190.2897879
4083120   183.9310268
4084560   176.4869349
4086000   150.6007333
4087440   170.5343368
4088880   165.3977127
4090320   118.3600267
4091760   117.2929369
4093200   96.9416179
4094640   123.7033804
4096080   155.0594056
4097520   146.3968249
4098960   134.7549048
4100400   153.6889096
4101840   157.5304331
4103280   129.407903
4104720   115.154501
4106160   49.21564376
4107600   151.4987913
4109040   156.1112948
4110480   157.1078534
4111920   152.6175635
4113360   138.1574318
4114800   137.3086242
4116240   101.9323151
4117680   132.2814453
4119120   128.5773362
4120560   142.6246166
4122000   135.1446511
4123440   135.6973489
4124880   121.7236399
4126320   128.7299513
4127760   100.1209985
4129200   74.21716403
4130640   90.48374814
4132080   124.7510134
4133520   119.864289
4134960   102.1980235
4136400   99.89846007
4137840   97.95884943
4139280   112.331425
4140720   48.9511514
4142160   18.42447694
4143600   27.47011563
4145040   92.61367166
4146480   65.03958318
4147920   107.8028294
4149360   106.1538564
4150800   102.4199539
4152240   107.4063949
4153680   62.84095244
4155120   77.80149152
4156560   67.26739928
4158000   91.85606826
4159440   21.17337339
4160880   49.17733797
4162320   82.26746021
4163760   57.91349019
4165200   92.72676495
4166640   100.4237966
4168080   89.72188854
4169520   84.5913448
4170960   99.99027236
4172400   101.4148829
4173840   101.1777518
4175280   87.23748445
4176720   55.1658098
4178160   101.9201545
4179600   23.21270069
4181040   79.81892979
4182480   74.69507436
4183920   71.3338933
4185360   94.05105083
4186800   52.93434552
4188240   57.05373801
4189680   92.3169538
4191120   76.24493878
4192560   102.5385194
4194000   100.7399714
4195440   95.20448073
4196880   15.16909282
4198320   87.93367698
4199760   101.4319077
4201200   99.24118136
4202640   103.5320379
4204080   51.12363691
